4 0.590772 0.470175 0.642857 0.442728 0.801158 0.449592 0.803089 0.583441 0.651544 0.581725 0.602317 0.573145 0.589768 0.545689 0.585907 0.511369
4 0.501931 0.502863 0.582508 0.502863 0.581669 0.549121 0.555649 0.552105 0.546416 0.575980 0.510324 0.571503 0.496894 0.558074
4 0.655422 0.686401 0.702133 0.683806 0.756144 0.704566 0.751764 0.718839 0.753224 0.839511 0.655422 0.845999 0.610900 0.809667 0.600682 0.782419 0.605061 0.699376
4 0.555494 0.671868 0.561003 0.665462 0.619551 0.659490 0.619790 0.691071 0.602503 0.696204 0.597476 0.781491 0.597476 0.795142 0.563883 0.772106 0.552845 0.745658 0.553575 0.704507
4 0.513934 0.654493 0.519422 0.646010 0.601260 0.643041 0.606986 0.657463 0.560937 0.662553 0.554018 0.670188 0.551895 0.708442 0.551394 0.744841 0.555211 0.757142 0.549724 0.758839 0.526103 0.737206 0.511310 0.703273
4 0.511046 0.834941 0.572857 0.830036 0.597692 0.862413 0.566234 0.864375 0.560164 0.877130 0.557404 0.945809 0.528706 0.948752 0.513805 0.922262 0.503319 0.890866
4 0.562927 0.880153 0.567029 0.869494 0.600477 0.866689 0.621303 0.892494 0.699214 0.886222 0.711622 0.904388 0.716001 0.969265 0.668559 0.980943 0.661991 0.987431 0.610170 0.988728 0.602141 1.000000 0.567838 1.000000 0.569297 0.978348 0.559809 0.952397
4 0.044522 0.564432 0.161301 0.572217 0.167140 0.590382 0.169329 0.634499 0.151813 0.661747 0.125537 0.666938 0.091963 0.666938 0.093423 0.620226 0.035034 0.620226
4 0.194779 0.455468 0.219794 0.456439 0.236111 0.465823 0.238990 0.493124 0.237071 0.515306 0.228433 0.521278 0.193400 0.513600 0.196279 0.480327
4 0.093296 0.442293 0.189766 0.447935 0.194058 0.479624 0.191534 0.511599 0.091392 0.505478
