2 0.532029 0.634179 0.546439 0.646175 0.746794 0.638012 0.748254 0.681235 0.543585 0.687041 0.532517 0.668196
2 0.321373 0.648649 0.529923 0.643501 0.531135 0.691549 0.321447 0.689800
4 0.418262 0.065280 0.524183 0.064999 0.524327 0.134467 0.418194 0.134113
4 0.418846 0.136111 0.525244 0.137102 0.525459 0.205785 0.419053 0.207869
4 0.318596 0.501057 0.417620 0.500203 0.418100 0.572184 0.318281 0.573891
4 0.642483 0.213650 0.743811 0.214879 0.744009 0.282348 0.641850 0.281008
4 0.318489 0.575541 0.417829 0.574688 0.417993 0.644986 0.318174 0.646692
4 0.318432 0.427077 0.417140 0.427907 0.417305 0.498205 0.318432 0.499911
4 0.317952 0.356172 0.417291 0.355880 0.417140 0.425616 0.317636 0.425079
4 0.316666 0.284973 0.416836 0.284489 0.416693 0.354656 0.316666 0.355256
4 0.316817 0.210779 0.417194 0.211770 0.417051 0.281937 0.317025 0.282537
4 0.316189 0.136880 0.416566 0.137871 0.416423 0.208038 0.316396 0.208638
4 0.315354 0.063434 0.415731 0.064425 0.415588 0.134593 0.315562 0.135192
4 0.314319 0.002165 0.415318 0.002049 0.415591 0.061520 0.314942 0.061751
4 0.417502 0.002567 0.523917 0.002079 0.523772 0.063775 0.417553 0.062522
4 0.419591 0.208606 0.525512 0.208325 0.525656 0.280232 0.419798 0.280365
4 0.418770 0.281193 0.524691 0.280912 0.524834 0.352819 0.418977 0.352952
4 0.419003 0.354924 0.524924 0.354642 0.525068 0.426549 0.419210 0.426682
4 0.418597 0.429163 0.524519 0.428881 0.524662 0.500788 0.418805 0.500921
4 0.419747 0.503350 0.525669 0.503069 0.525497 0.571049 0.419955 0.570060
4 0.420694 0.575618 0.526854 0.575337 0.527074 0.643659 0.421217 0.643791
4 0.537640 0.000499 0.640725 0.002187 0.641057 0.066852 0.539781 0.062252 0.529733 0.103775 0.529139 0.051744
4 0.540828 0.065443 0.641527 0.068828 0.641382 0.139432 0.538436 0.135680 0.527910 0.174657 0.528041 0.130286 0.530180 0.106508
4 0.539869 0.138209 0.641523 0.141593 0.641378 0.212197 0.538432 0.208446 0.527906 0.247423 0.527790 0.180123
4 0.539198 0.211923 0.640851 0.215307 0.640157 0.281033 0.538034 0.277770 0.526603 0.313747 0.527118 0.253837
4 0.539140 0.280248 0.640793 0.283633 0.640648 0.354237 0.537702 0.350485 0.526546 0.388902 0.527060 0.319235
4 0.538654 0.353465 0.641131 0.356849 0.640437 0.425015 0.538314 0.421751 0.526694 0.437862 0.527398 0.392452
4 0.539663 0.424411 0.641317 0.427796 0.641172 0.498400 0.538226 0.494648 0.526725 0.492867 0.526501 0.441895
4 0.539629 0.498570 0.641282 0.501954 0.640233 0.568662 0.538191 0.568806 0.527773 0.567026 0.527732 0.496401
4 0.537518 0.570841 0.642011 0.571981 0.640962 0.638689 0.547440 0.642761 0.529134 0.628078 0.529092 0.569233
4 0.643661 0.068191 0.742459 0.071762 0.742960 0.140610 0.643506 0.138519
4 0.643603 0.140825 0.742401 0.144397 0.742902 0.213245 0.643448 0.211153
4 0.643149 0.283070 0.743762 0.285997 0.743900 0.354845 0.642994 0.353398
4 0.642911 0.356208 0.744239 0.357437 0.744854 0.424164 0.642278 0.423566
4 0.643359 0.426018 0.745403 0.426824 0.745541 0.494399 0.642726 0.493377
4 0.643175 0.495651 0.745219 0.496457 0.745835 0.568274 0.642304 0.569372
4 0.643233 0.572116 0.747482 0.571120 0.748514 0.636363 0.641765 0.637991
