0 -0.000239 0.194599 0.100864 0.207527 0.100859 0.132350 0.122451 0.135267 0.122580 0.114851 0.115145 0.081886 0.001603 0.059259
0 0.291280 0.475846 0.336474 0.484497 0.471030 0.489450 0.473589 0.207931 0.335787 0.176502 0.295072 0.248074
0 0.290104 0.482407 0.290104 0.719444 0.298958 0.719444 0.313542 0.737037 0.327604 0.805556 0.342187 0.805556 0.346875 0.773148 0.353646 0.763889 0.441862 0.753010 0.446354 0.772222 0.462500 0.772222 0.465625 0.750926 0.467979 0.495467 0.334004 0.491220
0 0.103076 0.137109 0.103702 0.480770 0.278125 0.481408 0.282813 0.171296 0.278125 0.160185
2 0.761036 0.711112 0.759945 0.754910 0.865330 0.808264 0.998025 0.774808 0.998585 0.729612 0.864749 0.760868
0 0.000000 0.593519 0.000000 0.700000 0.090798 0.694020 0.091927 0.720487 0.099783 0.719638 0.100977 0.593519
0 -0.000237 0.328536 -0.001500 0.457886 0.101752 0.462689 0.102555 0.340253
0 0.000000 0.460185 -0.001440 0.589946 0.100933 0.591358 0.101562 0.465818
2 0.500822 0.361675 0.608215 0.368099 0.608488 0.334926 0.504597 0.326404 0.475235 0.333733 0.474631 0.364540
2 0.500521 0.588889 0.600926 0.586599 0.601480 0.556883 0.503233 0.555419 0.469199 0.546634 0.468924 0.577167
2 0.602763 0.514615 0.504785 0.515855 0.470530 0.507818 0.471354 0.541667 0.503921 0.551952 0.602555 0.552778
2 0.604312 0.408662 0.604935 0.372034 0.504400 0.365351 0.473222 0.367197 0.473222 0.404623 0.502238 0.401107
2 0.473756 0.407957 0.473276 0.437575 0.504090 0.436599 0.605806 0.447710 0.606630 0.412553 0.504816 0.404328
2 0.473276 0.471734 0.506350 0.474512 0.603653 0.476314 0.604667 0.451300 0.505162 0.439915 0.474140 0.440339
2 0.474675 0.294216 0.474053 0.331837 0.505797 0.323134 0.608956 0.331857 0.609375 0.296296 0.513782 0.286876
2 0.475528 0.220733 0.474283 0.252973 0.511742 0.242599 0.610018 0.258467 0.609821 0.223303 0.509605 0.204261
2 0.513101 0.245753 0.475113 0.255133 0.475045 0.290560 0.515361 0.283159 0.609998 0.294444 0.610183 0.261621
2 0.603636 0.478617 0.542026 0.478617 0.473825 0.477076 0.473825 0.503266 0.506771 0.511111 0.603740 0.511599
0 0.000239 0.198187 0.000239 0.326428 0.100803 0.337693 0.100347 0.212114
2 0.457555 0.189384 0.512670 0.157052 0.612999 0.181405 0.613737 0.145217 0.514215 0.118287 0.457933 0.159472
2 0.469840 0.582968 0.469524 0.612262 0.504593 0.627720 0.600301 0.622222 0.600631 0.591467 0.501831 0.593632
2 0.468218 0.616479 0.468840 0.650738 0.502159 0.670008 0.601257 0.665151 0.600830 0.625705 0.502083 0.632407
2 0.463863 0.189687 0.463270 0.222203 0.512270 0.200759 0.610424 0.220337 0.611036 0.184790 0.513712 0.162030
0 0.102870 0.483163 0.276859 0.484292 0.274319 0.807154 0.252729 0.810541 0.250190 0.783447 0.238746 0.782318 0.196215 0.684105 0.172720 0.686363 0.132715 0.796994 0.123825 0.799252 0.124460 0.830861 0.100330 0.829732
2 0.515233 0.074647 0.612155 0.104955 0.611839 0.138630 0.514286 0.113374 0.457143 0.155468 0.457459 0.123476
1 0.130400 0.831729 0.167308 0.830468 0.176143 0.856554 0.204677 0.853748 0.213209 0.819824 0.242729 0.816859 0.242070 0.796150 0.214391 0.732704 0.204856 0.469224 0.207617 0.455481 0.204304 0.393638 0.196021 0.391675 0.192156 0.415234 0.196021 0.476096 0.199519 0.686167 0.175120 0.688110 0.129522 0.809863
2 0.469048 0.655757 0.469048 0.684715 0.505413 0.707595 0.602110 0.697572 0.601902 0.667566 0.504337 0.674208
2 0.469256 0.687573 0.469256 0.719599 0.503008 0.742767 0.601977 0.729777 0.601977 0.700490 0.506182 0.711835
2 0.629104 0.602911 0.696714 0.629264 0.726904 0.627657 0.726904 0.651440 0.695449 0.652082 0.628923 0.621551
2 0.627966 0.579193 0.627785 0.600598 0.695846 0.626034 0.726562 0.625000 0.726265 0.598638 0.695381 0.600681
2 0.628327 0.549258 0.627785 0.577043 0.694438 0.597336 0.727960 0.596143 0.727505 0.569184 0.694002 0.569826
