0 0.165104 0.304630 0.165104 0.475000 0.182812 0.472222 0.195833 0.455556 0.280208 0.452778 0.305208 0.455556 0.326042 0.469444 0.339062 0.461111 0.340625 0.455556 0.337500 0.329630 0.334375 0.304630 0.332292 0.304630 0.332292 0.317593 0.327083 0.321296 0.286458 0.315741 0.285938 0.304630
0 0.165104 0.471296 0.165104 0.636111 0.173437 0.636111 0.180208 0.625000 0.195833 0.616667 0.308333 0.613889 0.315104 0.623148 0.315104 0.627778 0.331250 0.630556 0.334375 0.603704 0.340625 0.602778 0.340625 0.471296
0 0.158854 0.637963 0.158854 0.816667 0.187500 0.816667 0.189062 0.778704 0.192708 0.772222 0.302083 0.761111 0.307292 0.770370 0.307292 0.783333 0.310417 0.791667 0.325000 0.791667 0.329688 0.786111 0.332813 0.742593 0.340625 0.738889 0.340625 0.696296 0.334375 0.695370 0.334375 0.637963
0 0.000000 0.571296 0.000000 0.794444 0.105208 0.786111 0.111979 0.792593 0.113542 0.827778 0.137500 0.827778 0.137500 0.800926 0.147396 0.702778 0.153125 0.702778 0.153125 0.571296 0.008854 0.571296 0.008333 0.582407 0.006250 0.571296
0 0.171354 0.004630 0.171354 0.130556 0.185938 0.130556 0.202083 0.122222 0.245833 0.127778 0.288542 0.144444 0.306771 0.144444 0.321354 0.155556 0.346875 0.163889 0.346875 0.004630
0 0.165104 0.126852 0.165104 0.305556 0.190625 0.302778 0.202083 0.288889 0.223958 0.288889 0.309896 0.302778 0.321354 0.313889 0.335938 0.316667 0.341146 0.236111 0.346875 0.236111 0.346875 0.126852 0.319792 0.126852 0.319792 0.141667 0.329167 0.150926 0.327604 0.161111 0.340104 0.170370 0.334896 0.193519 0.331250 0.179630 0.314583 0.179630 0.303125 0.168519 0.283333 0.165741 0.273438 0.157407 0.203125 0.137037 0.203125 0.126852
0 0.346354 0.504630 0.346354 0.772222 0.380729 0.900926 0.383854 0.999074 0.443750 0.999074 0.462500 0.938889 0.453125 0.914815 0.472396 0.869444 0.479687 0.880556 0.501563 0.812037 0.516146 0.805556 0.537500 0.830556 0.543750 0.553704 0.557292 0.537037 0.557292 0.817593 0.544792 0.826852 0.541146 0.857407 0.532292 0.857407 0.532292 0.906481 0.502604 0.960185 0.543229 0.984259 0.541667 0.999074 0.551562 0.999074 0.548438 0.959259 0.564063 0.891667 0.559375 0.820370 0.566667 0.825926 0.566667 0.894444 0.596875 0.908333 0.596875 0.504630 0.560417 0.504630 0.558333 0.521296 0.557813 0.504630
0 0.391667 0.015741 0.366667 0.123148 0.358854 0.126852 0.358854 0.486111 0.375000 0.488889 0.380208 0.469444 0.390104 0.516667 0.426563 0.516667 0.428125 0.489815 0.436458 0.477778 0.514062 0.483333 0.522396 0.466667 0.529687 0.472222 0.526563 0.398148 0.533333 0.388889 0.561458 0.402778 0.568229 0.423148 0.565104 0.467593 0.557292 0.486111 0.575000 0.477778 0.577083 0.466667 0.599479 0.486111 0.617188 0.486111 0.627083 0.472222 0.659375 0.483333 0.659375 0.174074 0.633854 0.179630 0.626563 0.203704 0.623437 0.054630 0.505208 0.026852 0.504687 0.015741
2 0.758854 0.749074 0.758854 0.811111 0.778646 0.813889 0.849479 0.866667 0.867188 0.866667 0.880208 0.852778 0.917188 0.852778 0.928646 0.825000 0.951042 0.841667 0.971875 0.836111 0.971875 0.749074 0.872917 0.749074 0.872917 0.762037 0.863542 0.768519 0.861979 0.775000 0.869792 0.783333 0.877083 0.783333 0.890104 0.803704 0.867708 0.812963 0.839583 0.807407 0.777083 0.760185 0.776563 0.749074
2 0.777604 0.046296 0.777604 0.108333 0.787500 0.108333 0.813021 0.083333 0.842187 0.072222 0.850521 0.063889 0.886458 0.055556 0.903646 0.061111 0.915104 0.072222 0.942708 0.075000 0.971354 0.088889 0.996875 0.086111 0.996875 0.071296 0.991146 0.071296 0.987500 0.062037 0.988021 0.055556 0.996875 0.052778 0.996875 0.004630 0.855729 0.004630 0.853646 0.018519 0.839583 0.032407 0.813021 0.040741 0.809375 0.035185 0.793229 0.029630 0.788542 0.032407 0.783333 0.046296
2 0.777604 0.160185 0.777604 0.200000 0.798438 0.202778 0.808333 0.194444 0.866146 0.177778 0.938021 0.188889 0.965104 0.200000 0.982812 0.200000 0.989062 0.194444 0.990625 0.186111 0.985938 0.154630 0.958333 0.146296 0.951562 0.139815 0.951562 0.126852 0.830729 0.126852 0.830729 0.137037 0.827083 0.140741 0.801042 0.146296 0.784896 0.160185
2 0.777604 0.104630 0.777604 0.125000 0.795833 0.127778 0.805729 0.136111 0.826562 0.136111 0.855208 0.122222 0.889583 0.122222 0.910417 0.130556 0.944271 0.133333 0.951042 0.138889 0.975521 0.144444 0.980729 0.150000 0.996875 0.150000 0.996875 0.110185 0.991146 0.110185 0.987500 0.099074 0.976562 0.090741 0.956771 0.082407 0.956250 0.071296 0.879167 0.071296 0.878646 0.082407 0.870833 0.082407 0.870313 0.071296 0.827604 0.071296 0.827604 0.081481 0.823958 0.085185 0.811979 0.087963 0.798958 0.099074
2 0.758854 0.704630 0.758854 0.755556 0.770833 0.755556 0.774479 0.761111 0.789583 0.763889 0.797917 0.775000 0.852604 0.813889 0.873437 0.811111 0.892708 0.800000 0.915625 0.794444 0.915625 0.776852 0.902083 0.776852 0.892188 0.765741 0.878646 0.762963 0.881771 0.758333 0.918750 0.755556 0.964063 0.741667 0.964063 0.726852 0.959375 0.714815 0.959375 0.704630
2 0.777604 0.212963 0.777604 0.247222 0.804688 0.247222 0.815625 0.244444 0.830208 0.233333 0.845833 0.230556 0.884896 0.230556 0.968229 0.250000 0.981250 0.250000 0.984896 0.241667 0.990625 0.241667 0.990625 0.232407 0.984896 0.232407 0.982812 0.221296 0.970313 0.201852 0.948958 0.196296 0.945312 0.192593 0.945312 0.182407 0.824479 0.182407 0.824479 0.192593 0.820833 0.196296 0.802604 0.201852 0.786458 0.212963
2 0.771354 0.393519 0.771354 0.494444 0.810937 0.494444 0.810937 0.482407 0.806250 0.474074 0.792708 0.468519 0.784896 0.460185 0.780208 0.447222 0.830208 0.438889 0.898958 0.447222 0.904167 0.450926 0.902604 0.461111 0.931771 0.469444 0.943229 0.484259 0.943229 0.494444 0.984375 0.494444 0.984375 0.393519
2 0.758854 0.726852 0.758854 0.775000 0.767188 0.775000 0.770833 0.763889 0.789583 0.766667 0.810417 0.788889 0.822396 0.791667 0.851042 0.813889 0.910937 0.802778 0.928646 0.788889 0.942187 0.791667 0.948958 0.772222 0.953646 0.772222 0.961979 0.787037 0.965104 0.800000 0.971875 0.800000 0.971875 0.726852 0.913542 0.726852 0.913542 0.739815 0.909896 0.749074 0.876042 0.751852 0.867708 0.757407 0.839583 0.754630 0.837500 0.749074 0.823958 0.740741 0.821875 0.726852
2 0.790104 0.449074 0.790104 0.494444 0.802604 0.495370 0.801042 0.496296 0.801042 0.516667 0.823438 0.516667 0.823438 0.506481 0.827083 0.500000 0.831250 0.500000 0.831771 0.497222 0.892708 0.497222 0.893229 0.500000 0.914062 0.500000 0.914583 0.497222 0.920312 0.497222 0.920312 0.490741 0.912500 0.476852 0.907813 0.473148 0.908333 0.469444 0.920312 0.461111 0.920312 0.449074
