0 0.451598 0.359593 0.445850 0.647217 0.525653 0.649702 0.522954 0.638247 0.520473 0.583417 0.524673 0.564523 0.538000 0.570210 0.541859 0.629704 0.537237 0.640296 0.537133 0.649604 0.592513 0.650883 0.595049 0.361678
1 0.671479 0.301030 0.766362 0.303625 0.780229 0.320493 0.778770 0.622821 0.766362 0.659152 0.785338 0.651367 0.824021 0.640987 0.827671 0.661747 0.821102 0.686401 0.801396 0.722732 0.813803 0.725327 0.814533 0.838213 0.827671 0.865462 0.832050 1.000000 0.668919 1.000000 0.652510 0.967825 0.657672 0.837577 0.662954 0.333774
0 0.443398 0.649632 0.440104 0.966667 0.462305 0.968131 0.504825 0.835889 0.523940 0.836572 0.567895 0.948792 0.569661 0.963886 0.589265 0.964835 0.594059 0.928344 0.594166 0.654267
0 0.594899 0.642245 0.595256 0.671387 0.595043 0.868659 0.624479 0.917593 0.624753 0.943875 0.639824 0.966314 0.650168 0.964514 0.655259 0.836151 0.656289 0.659430 0.638961 0.659965
2 0.784189 0.301364 0.783854 0.336111 0.815216 0.316517 0.925359 0.329878 0.925457 0.295090 0.816064 0.281919
1 0.466454 0.973469 0.498426 0.972620 0.503436 0.988315 0.511787 0.998495 0.527902 0.997394 0.536422 0.986175 0.536737 0.971029 0.565452 0.971029 0.564821 0.949712 0.541155 0.886884 0.534985 0.640238 0.539992 0.626142 0.536654 0.574211 0.526221 0.569018 0.522465 0.587565 0.524969 0.638754 0.527890 0.647657 0.530394 0.839802 0.506608 0.839802
0 0.324537 0.742442 0.323432 0.865708 0.337018 0.866232 0.340614 0.835862 0.416806 0.834553 0.419365 0.862573 0.435061 0.862060 0.438349 0.742442
0 0.329571 0.517283 0.327653 0.626909 0.440419 0.628294 0.441349 0.522465
0 0.331678 0.408584 0.329760 0.518210 0.442526 0.519596 0.443636 0.416974
0 0.334168 0.300086 0.332250 0.407787 0.443753 0.414946 0.444864 0.310079
0 0.334919 0.192995 0.334264 0.297810 0.444505 0.307855 0.445615 0.202988
0 0.327891 0.629043 0.325973 0.738669 0.438739 0.740055 0.439669 0.631981
0 0.658338 0.393031 0.638808 0.388641 0.597177 0.422868 0.595808 0.638642 0.639840 0.655993 0.654626 0.655382
2 0.751223 0.288627 0.751744 0.298784 0.771013 0.302350 0.813579 0.277961 0.923721 0.291322 0.923820 0.256534 0.814426 0.243363
0 0.232952 0.705839 0.320756 0.709741 0.319384 0.793154 0.306762 0.838031 0.305390 0.865348 0.290024 0.865836 0.290573 0.836568 0.205240 0.838031 0.204417 0.867299 0.189600 0.866324 0.189874 0.749741
