0 0.630729 0.136266 0.630729 0.150926 0.621354 0.178704 0.605208 0.204630 0.586979 0.218519 0.577083 0.246296 0.571903 0.475556 0.621354 0.500000 0.791442 0.501544 0.796875 0.409259 0.804079 0.153016
0 0.267729 0.334487 0.267013 0.459921 0.388390 0.465312 0.388932 0.343751
0 0.392628 0.120763 0.390104 0.486111 0.566714 0.491667 0.569698 0.447473 0.575601 0.130271
0 0.266682 0.463551 0.266682 0.590517 0.385322 0.590680 0.386869 0.468038
0 0.271354 0.071296 0.269461 0.202217 0.387816 0.213916 0.388876 0.116133 0.402494 0.116694 0.402494 0.085185
0 0.388240 0.490967 0.383491 0.849750 0.404687 0.850000 0.462739 0.704630 0.502741 0.705374 0.504196 0.761445 0.524065 0.821964 0.534328 0.822480 0.534913 0.849802 0.557228 0.848907 0.565625 0.797222 0.570505 0.495454
0 0.623071 0.503163 0.573840 0.480327 0.569239 0.751812 0.615674 0.852778 0.637184 0.852858 0.637500 0.821972 0.747396 0.825000 0.754644 0.852545 0.774022 0.851930 0.778125 0.817593 0.784375 0.816667 0.790029 0.504855
0 0.268575 0.204630 0.268259 0.331840 0.388777 0.339558 0.388986 0.216836
0 0.265104 0.593519 0.265104 0.727778 0.284375 0.727778 0.285322 0.696330 0.372757 0.695566 0.375171 0.724709 0.383052 0.725669 0.383683 0.594641
0 0.108854 0.587963 0.108854 0.738889 0.129688 0.738889 0.133051 0.697766 0.226281 0.698846 0.229167 0.725000 0.243750 0.725000 0.250000 0.713889 0.254688 0.684259 0.263478 0.648339 0.263588 0.555519 0.158497 0.552281 0.158401 0.567653
2 0.767181 0.143910 0.844284 0.092960 0.976446 0.116199 0.978533 0.064670 0.844821 0.040189 0.767598 0.106561
2 0.799983 0.352300 0.798894 0.397420 0.831989 0.395089 0.963085 0.405358 0.963448 0.352945 0.829538 0.344677
1 0.486587 0.471316 0.488296 0.708386 0.464373 0.708105 0.410417 0.840741 0.413683 0.866074 0.450550 0.867115 0.455447 0.890771 0.468187 0.904516 0.484842 0.901826 0.493279 0.883346 0.496670 0.861111 0.530050 0.862007 0.529271 0.843008 0.501563 0.762037 0.496335 0.475497 0.502449 0.465352 0.499751 0.411417 0.494796 0.395406 0.483237 0.401357
2 0.801718 0.308361 0.827083 0.294444 0.965941 0.302244 0.966887 0.260293 0.829095 0.250757 0.803220 0.259259
2 0.804874 0.213470 0.803296 0.255528 0.839120 0.245539 0.968720 0.257745 0.970928 0.209787 0.841534 0.196885
2 0.796354 0.444444 0.794434 0.484186 0.827727 0.491865 0.961271 0.493010 0.961996 0.448065
2 0.800095 0.350000 0.830570 0.341106 0.966195 0.351683 0.966826 0.305481 0.828406 0.298939 0.801388 0.311983
2 0.789063 0.701127 0.788994 0.744519 0.821669 0.768045 0.958958 0.763139 0.958479 0.721369 0.822393 0.725936
2 0.788922 0.658218 0.788852 0.701610 0.821111 0.724394 0.958817 0.720230 0.958337 0.678460 0.822252 0.683027
2 0.789872 0.614469 0.789172 0.654496 0.823008 0.678963 0.956297 0.674238 0.957079 0.631907 0.822571 0.634230
2 0.790161 0.572159 0.789941 0.613040 0.823777 0.630681 0.956586 0.631928 0.956408 0.589597 0.822860 0.587655
2 0.791939 0.527497 0.790457 0.567817 0.825555 0.582654 0.957102 0.585023 0.958187 0.541570 0.824638 0.535361
2 0.793521 0.487676 0.792670 0.525751 0.829661 0.534417 0.959946 0.538469 0.960715 0.497260 0.828113 0.494978
2 0.798817 0.400635 0.797097 0.442390 0.829876 0.441741 0.962235 0.445840 0.962282 0.408573 0.830581 0.398622
2 0.806551 0.149457 0.805882 0.166269 0.842633 0.145067 0.974432 0.161210 0.975431 0.118067 0.843801 0.096223 0.768472 0.146888
2 0.806219 0.168123 0.805004 0.209536 0.842279 0.191160 0.971153 0.206592 0.973361 0.164440 0.843967 0.149602
2 0.788244 0.747448 0.787695 0.790840 0.819411 0.819485 0.957180 0.812873 0.957180 0.765984 0.823494 0.772257
