0 0.549241 0.615172 0.583305 0.623338 0.584247 0.646183 0.597620 0.650486 0.616693 0.651869 0.618819 0.631923 0.709896 0.638889 0.713179 0.657294 0.737291 0.658166 0.739671 0.632909 0.738677 0.358525 0.596678 0.339514 0.595216 0.365016 0.550119 0.411833
0 0.382337 0.649074 0.377604 0.991667 0.402498 0.991655 0.451135 0.843728 0.476386 0.843357 0.517989 0.985169 0.544168 0.983382 0.542968 0.652945
0 0.251434 0.878817 0.265988 0.880107 0.267188 0.847055 0.352920 0.844642 0.358854 0.872222 0.370817 0.871577 0.375504 0.831375 0.376258 0.742758 0.252288 0.744134
0 0.389342 0.322082 0.384952 0.646585 0.409878 0.646585 0.411458 0.625000 0.521253 0.627927 0.524479 0.647073 0.544024 0.647561 0.546875 0.606481 0.547569 0.334061
0 0.545991 0.638107 0.546354 0.881429 0.578798 0.939139 0.580729 0.961111 0.590104 0.977778 0.611487 0.977290 0.612305 0.952778 0.708333 0.950000 0.713564 0.972900 0.737607 0.972710 0.736924 0.661165 0.594707 0.653385
0 0.265653 0.268586 0.263526 0.382772 0.383790 0.390146 0.385058 0.281586
0 0.255870 0.624773 0.253569 0.737880 0.269868 0.737849 0.271478 0.727133 0.356611 0.728765 0.359542 0.739672 0.372840 0.739491 0.378646 0.729911 0.380746 0.625418
0 0.102604 0.743519 0.102604 0.894444 0.118750 0.894444 0.120313 0.859259 0.131771 0.850000 0.212342 0.851715 0.212564 0.879462 0.228376 0.879266 0.234627 0.869642 0.235937 0.837037 0.247396 0.800000 0.250666 0.709791 0.149925 0.709081
2 0.740284 0.397802 0.740104 0.436111 0.766399 0.428477 0.882513 0.432371 0.882213 0.389784 0.766469 0.384331
2 0.739871 0.394271 0.762939 0.381977 0.882026 0.387093 0.882691 0.350421 0.765645 0.346909 0.739763 0.359711
2 0.738656 0.750738 0.769271 0.769444 0.883831 0.767516 0.883338 0.726303 0.770833 0.729630 0.738775 0.713401
2 0.769543 0.515300 0.740826 0.520111 0.741367 0.556941 0.883714 0.558545 0.883453 0.517205
2 0.766985 0.431342 0.741186 0.438540 0.741367 0.476369 0.765671 0.469657 0.882030 0.475407 0.882210 0.435833
2 0.739440 0.670406 0.768013 0.680360 0.883956 0.679811 0.884201 0.644057 0.769318 0.641523 0.741177 0.635718
2 0.882753 0.600121 0.882166 0.561429 0.741708 0.559828 0.741591 0.593709 0.766900 0.595279
2 0.738846 0.710681 0.768839 0.725738 0.883227 0.723132 0.882605 0.682718 0.769536 0.683589 0.738749 0.672448
2 0.708010 0.336200 0.708152 0.351469 0.741096 0.355906 0.763851 0.343880 0.883338 0.347787 0.884079 0.313635 0.772671 0.300204
1 0.405283 0.999896 0.517117 0.991922 0.490626 0.906564 0.482900 0.632829 0.489522 0.627923 0.487315 0.563168 0.474621 0.556300 0.470758 0.581810 0.477173 0.847084 0.451791 0.848190 0.403993 0.986382
0 0.266976 0.151704 0.384962 0.167801 0.384687 0.279994 0.266702 0.264873
2 0.741098 0.596419 0.770352 0.597894 0.883217 0.602321 0.883425 0.641049 0.769729 0.638467 0.740890 0.632197
2 0.738811 0.756067 0.768566 0.773485 0.883960 0.770905 0.884323 0.809611 0.771832 0.817998 0.738448 0.794774
2 0.739174 0.800580 0.771832 0.821868 0.884323 0.812837 0.885412 0.857349 0.773284 0.865091 0.739536 0.836061
2 0.706878 0.305781 0.774372 0.263849 0.884323 0.277397 0.884323 0.309652 0.771832 0.298040 0.706515 0.335456
2 0.768711 0.473178 0.740719 0.479280 0.741260 0.516110 0.770021 0.510689 0.882519 0.514488 0.883346 0.476374
2 0.739616 0.873843 0.739583 0.911111 0.771908 0.940501 0.890244 0.931044 0.889611 0.892782 0.773646 0.902340
0 0.263162 0.386504 0.383384 0.394919 0.380544 0.491965 0.378020 0.507111 0.261900 0.501502 0.260953 0.480746
0 0.259146 0.506775 0.377682 0.510187 0.376722 0.604035 0.375907 0.621451 0.257640 0.621885 0.256552 0.601886
2 0.773469 0.868260 0.885896 0.860835 0.885896 0.888136 0.774689 0.900333 0.739059 0.870957 0.739019 0.839095
2 0.706878 0.270301 0.775098 0.215466 0.883597 0.230949 0.883597 0.272236 0.774735 0.259979 0.706152 0.302556
