0 0.483854 0.471296 0.483854 0.644444 0.493750 0.644444 0.500000 0.638889 0.503646 0.627778 0.516146 0.622222 0.616146 0.625000 0.622396 0.627778 0.627604 0.644444 0.648438 0.644444 0.651563 0.622222 0.651563 0.528704 0.653125 0.514815 0.659375 0.513889 0.659375 0.493519 0.653125 0.492593 0.651563 0.471296
0 0.483854 0.637963 0.483854 0.805556 0.492188 0.805556 0.498958 0.794444 0.572396 0.794444 0.619271 0.802778 0.626042 0.816667 0.636979 0.822222 0.650000 0.819444 0.651563 0.676852 0.646875 0.637963 0.633854 0.637963 0.633333 0.649074 0.623958 0.651852 0.606771 0.649074 0.606250 0.637963
0 0.777604 0.715741 0.777604 0.999074 0.999479 0.999074 0.999479 0.737963 0.996875 0.737037 0.999479 0.715741
0 0.277604 0.815741 0.277604 0.999074 0.307812 0.999074 0.307812 0.975926 0.311458 0.969444 0.425521 0.969444 0.432292 0.981481 0.432292 0.999074 0.456250 0.999074 0.457813 0.815741
0 0.490104 0.137963 0.490104 0.305556 0.527083 0.294444 0.617708 0.294444 0.632292 0.311111 0.654687 0.308333 0.656250 0.185185 0.653125 0.137963
0 0.483854 0.304630 0.483854 0.466667 0.496875 0.469444 0.502083 0.461111 0.509375 0.461111 0.519271 0.452778 0.625521 0.458333 0.632292 0.472222 0.648438 0.477778 0.653125 0.434259 0.659375 0.433333 0.659375 0.321296 0.651563 0.317593 0.651563 0.304630 0.636979 0.304630 0.636979 0.314815 0.633333 0.318519 0.597396 0.315741 0.596875 0.304630
0 0.490104 0.004630 0.490104 0.141667 0.500000 0.141667 0.519271 0.127778 0.544271 0.127778 0.577604 0.136111 0.617708 0.136111 0.636458 0.147222 0.638542 0.161111 0.659375 0.161111 0.659375 0.004630
2 0.008854 0.980556 0.023438 0.980556 0.046875 0.963889 0.052083 0.952778 0.058333 0.952778 0.060417 0.975000 0.068229 0.983333 0.134896 0.986111 0.136979 0.991667 0.165625 0.988889 0.186458 0.955556 0.218750 0.930556 0.231771 0.902778 0.259375 0.894444 0.259375 0.860185 0.230729 0.860185 0.230208 0.871296 0.161458 0.932407 0.023958 0.918519 0.018750 0.914815 0.025000 0.860185 0.008854 0.860185
0 0.677604 0.660185 0.677604 0.999074 0.782813 0.999074 0.782813 0.800926 0.784375 0.778704 0.790625 0.777778 0.790625 0.715741 0.784896 0.715741 0.740625 0.685185 0.709896 0.676852 0.703125 0.670370 0.703125 0.660185
0 0.683854 0.276852 0.683854 0.663889 0.720313 0.672222 0.719271 0.655556 0.758333 0.661111 0.763542 0.673148 0.760417 0.697222 0.774479 0.711111 0.828125 0.713889 0.832812 0.705556 0.829688 0.681481 0.847396 0.672222 0.884896 0.680556 0.885417 0.708333 0.922396 0.713889 0.927604 0.727778 0.999479 0.727778 0.999479 0.126852 0.780729 0.126852 0.778646 0.140741
