0 0.777083 0.648148 0.778536 0.905870 0.815849 0.963232 0.815596 0.981201 0.827658 0.998517 0.851042 0.998148 0.998958 0.998148 0.999763 0.675912 0.834658 0.667948
1 0.060468 0.552444 0.060468 0.598011 0.082292 0.618382 0.079990 0.752632 0.071411 0.792352 0.076200 0.801961 0.070805 0.825122 0.078210 0.850106 0.098895 0.851463 0.110419 0.839815 0.132775 0.841287 0.150610 0.829738 0.121875 0.750926 0.123438 0.734259 0.129688 0.711111 0.131250 0.671296 0.128125 0.662963 0.090071 0.662326 0.090244 0.619930 0.111278 0.598011 0.112257 0.553089
0 0.775824 0.662724 0.598823 0.652976 0.602116 0.995420 0.624499 0.997371 0.624471 0.969806 0.635328 0.970709 0.675606 0.858408 0.697761 0.859707 0.749559 1.000431 0.772187 1.000431 0.777358 0.977695
0 0.473740 0.739660 0.472308 0.865819 0.490125 0.866858 0.492708 0.838889 0.568270 0.843596 0.573202 0.875269 0.588454 0.877503 0.596875 0.831404 0.596398 0.750688
0 0.775772 0.645113 0.836455 0.664984 1.000028 0.673957 0.999479 0.329440 0.835417 0.315741 0.835417 0.328704 0.814583 0.360185 0.775806 0.397418
0 0.603073 0.327705 0.600673 0.650219 0.693142 0.654909 0.690213 0.575436 0.698847 0.559847 0.712580 0.574498 0.714758 0.631305 0.709377 0.644991 0.710037 0.656208 0.774023 0.659671 0.774338 0.326852
0 0.477447 0.399889 0.476506 0.510308 0.596404 0.515607 0.596875 0.404630
0 0.476153 0.626036 0.591326 0.631645 0.596504 0.637241 0.596059 0.747204 0.475522 0.737668
0 0.478428 0.288195 0.478310 0.397151 0.592995 0.401962 0.594289 0.286107
1 0.626327 0.998904 0.746889 0.999638 0.718805 0.925591 0.707446 0.642865 0.712810 0.631645 0.710824 0.575395 0.699278 0.562886 0.691881 0.576999 0.702926 0.863465 0.676158 0.861617 0.635773 0.974800 0.626572 0.974066
0 0.344433 0.737096 0.346354 0.872222 0.359375 0.872222 0.362500 0.837037 0.440861 0.837754 0.441667 0.872222 0.459375 0.872222 0.470313 0.805556 0.471814 0.706689 0.379837 0.701812
0 0.476191 0.512724 0.591364 0.518334 0.596541 0.523929 0.597359 0.629965 0.475560 0.624356
0 0.478844 0.177031 0.478726 0.285988 0.593686 0.283970 0.594705 0.174944
