0 0.115104 0.160185 0.115104 0.488889 0.137500 0.483333 0.141146 0.469444 0.150521 0.461111 0.182292 0.469444 0.201563 0.463889 0.201563 0.409259 0.208333 0.400000 0.213542 0.409259 0.215104 0.425926 0.213542 0.463889 0.220833 0.455556 0.230729 0.466667 0.258333 0.466667 0.263542 0.473148 0.263542 0.483333 0.290625 0.480556 0.290625 0.185185 0.259375 0.174074 0.232813 0.170370 0.232813 0.160185
0 0.115104 0.482407 0.115104 0.816667 0.139583 0.811111 0.144792 0.819444 0.164062 0.816667 0.167187 0.808333 0.167187 0.779630 0.164062 0.775926 0.167187 0.745370 0.172396 0.730556 0.179688 0.727778 0.178125 0.714815 0.181250 0.701852 0.176042 0.701852 0.176042 0.712037 0.171354 0.712963 0.169792 0.723148 0.165104 0.724074 0.159896 0.740741 0.152083 0.746296 0.150000 0.737037 0.156250 0.730556 0.158333 0.713889 0.168750 0.705556 0.169271 0.691667 0.175521 0.688889 0.185938 0.694444 0.204687 0.683333 0.209375 0.601852 0.204687 0.482407
0 0.000000 0.460185 0.000000 0.580556 0.010937 0.577778 0.011458 0.575000 0.048438 0.575000 0.048958 0.572222 0.092188 0.575000 0.092708 0.572222 0.110937 0.572222 0.114062 0.566667 0.114062 0.498148 0.115625 0.497222 0.115625 0.476852 0.110937 0.470370 0.110937 0.460185
2 0.752604 0.674074 0.752604 0.752778 0.781771 0.758333 0.794792 0.775000 0.825521 0.786111 0.830729 0.795370 0.830729 0.805556 0.882812 0.805556 0.882812 0.795370 0.886458 0.791667 0.921875 0.786111 0.940625 0.772222 0.940625 0.762037 0.945833 0.758333 0.954167 0.772222 0.984375 0.772222 0.984375 0.690741 0.920312 0.670370 0.920312 0.660185 0.782292 0.660185 0.781771 0.671296
0 0.000000 0.593519 0.000000 0.727778 0.009375 0.727778 0.009375 0.703704 0.014583 0.694444 0.087500 0.691667 0.088021 0.688889 0.112500 0.688889 0.115625 0.683333 0.115625 0.612963 0.114062 0.612037 0.114062 0.593519
0 0.000000 0.337963 0.000000 0.458333 0.029687 0.458333 0.030208 0.455556 0.112500 0.455556 0.113021 0.452778 0.121875 0.452778 0.121875 0.351852 0.113021 0.349074 0.112500 0.337963
0 0.387500 0.482407 0.327604 0.482407 0.327604 0.780556 0.343750 0.780556 0.350000 0.775000 0.350000 0.762037 0.353646 0.758333 0.370312 0.758333 0.370833 0.755556 0.379688 0.755556 0.382812 0.750000 0.384375 0.687037 0.385937 0.686111 0.387500 0.645370 0.389062 0.644444 0.389062 0.595370 0.391146 0.583333 0.396875 0.583333 0.396875 0.499074 0.391146 0.499074 0.387500 0.492593
2 0.527604 0.260185 0.527604 0.300000 0.534896 0.300000 0.535417 0.302778 0.566146 0.302778 0.566667 0.305556 0.575521 0.305556 0.576042 0.308333 0.598958 0.308333 0.599479 0.311111 0.615625 0.311111 0.615625 0.271296 0.606771 0.271296 0.606250 0.260185
0 0.296354 0.193519 0.296354 0.475000 0.310937 0.472222 0.316146 0.461111 0.322396 0.463889 0.329167 0.473148 0.330729 0.494444 0.340625 0.494444 0.340625 0.484259 0.347396 0.477778 0.366146 0.475000 0.369792 0.480556 0.376563 0.480556 0.385937 0.475000 0.393750 0.430556 0.393750 0.364815 0.396875 0.314815 0.403125 0.313889 0.403125 0.193519
2 0.533854 0.182407 0.533854 0.225000 0.563021 0.225000 0.563542 0.227778 0.586458 0.227778 0.586979 0.230556 0.601562 0.230556 0.602083 0.227778 0.615625 0.227778 0.615625 0.196296 0.608333 0.196296 0.607812 0.193519 0.605208 0.193519 0.604688 0.182407
2 0.527604 0.093519 0.527604 0.144444 0.548958 0.144444 0.549479 0.147222 0.558333 0.147222 0.558854 0.150000 0.577083 0.150000 0.577604 0.152778 0.586458 0.152778 0.586979 0.155556 0.592708 0.155556 0.593229 0.158333 0.602083 0.158333 0.602604 0.161111 0.615625 0.161111 0.615625 0.121296 0.609896 0.121296 0.609375 0.118519 0.606771 0.118519 0.606250 0.115741 0.603646 0.115741 0.603125 0.112963 0.597396 0.112963 0.596875 0.110185 0.578646 0.110185 0.578125 0.107407 0.566146 0.107407 0.565625 0.104630 0.562500 0.103704 0.562500 0.093519
2 0.533854 0.226852 0.533854 0.263889 0.556771 0.263889 0.557292 0.266667 0.580208 0.266667 0.580729 0.269444 0.591146 0.269444 0.591667 0.272222 0.603646 0.272222 0.604167 0.283333 0.615625 0.283333 0.615625 0.226852
0 0.000000 0.204630 0.000000 0.327778 0.016146 0.322222 0.016667 0.325000 0.031771 0.325000 0.032292 0.327778 0.067708 0.327778 0.068229 0.330556 0.101562 0.330556 0.102083 0.327778 0.102604 0.330556 0.110937 0.330556 0.116146 0.325000 0.121875 0.325000 0.121875 0.240741 0.116146 0.240741 0.112500 0.232407 0.088021 0.232407 0.087500 0.229630 0.077083 0.229630 0.076563 0.226852 0.066146 0.226852 0.065625 0.224074 0.039583 0.218519 0.039062 0.215741 0.034375 0.214815 0.034375 0.204630
2 0.533854 0.137963 0.533854 0.183333 0.541146 0.183333 0.541667 0.186111 0.572396 0.186111 0.572917 0.188889 0.583333 0.188889 0.583854 0.191667 0.589583 0.191667 0.590104 0.194444 0.615625 0.194444 0.615625 0.165741 0.609896 0.165741 0.609375 0.162963 0.606771 0.162963 0.606250 0.160185 0.604688 0.159259 0.604688 0.137963 0.579167 0.137963 0.578646 0.149074 0.576562 0.148148 0.576562 0.137963
2 0.533854 0.149074 0.533854 0.183333 0.552083 0.183333 0.552604 0.186111 0.580208 0.186111 0.580729 0.188889 0.588021 0.188889 0.588542 0.191667 0.594271 0.191667 0.594792 0.194444 0.615625 0.194444 0.615625 0.162963 0.606771 0.162963 0.606250 0.149074
