4 0.650000 0.837963 0.560417 0.837963 0.560417 0.850926 0.545833 0.874074 0.501042 0.868519 0.470833 0.893519 0.465104 0.893519 0.465104 0.999074 0.645312 0.999074 0.645312 0.959259 0.650000 0.938889 0.651563 0.886111
4 0.715104 0.137963 0.715104 0.238889 0.726562 0.238889 0.727083 0.236111 0.754687 0.236111 0.755208 0.233333 0.782813 0.233333 0.783333 0.230556 0.790625 0.230556 0.791146 0.227778 0.796875 0.227778 0.796875 0.137963
4 0.571354 0.404630 0.571354 0.494444 0.640625 0.494444 0.640625 0.404630
4 0.558854 0.182407 0.558854 0.261111 0.609375 0.261111 0.609375 0.182407
4 0.658854 0.393519 0.658854 0.494444 0.734375 0.494444 0.734375 0.479630 0.728125 0.478704 0.728125 0.437037 0.734375 0.436111 0.734375 0.393519
4 0.471354 0.171296 0.471354 0.261111 0.495312 0.261111 0.495833 0.258333 0.523438 0.258333 0.523958 0.255556 0.532813 0.255556 0.533333 0.252778 0.539062 0.252778 0.539583 0.250000 0.546875 0.250000 0.546875 0.185185 0.540625 0.184259 0.540625 0.171296
4 0.608854 0.615741 0.608854 0.700000 0.648958 0.702778 0.649479 0.705556 0.656771 0.705556 0.657292 0.716667 0.778125 0.716667 0.778125 0.615741
4 0.608854 0.615741 0.608854 0.700000 0.619271 0.700000 0.619792 0.702778 0.652083 0.702778 0.652604 0.705556 0.661458 0.705556 0.661979 0.716667 0.676562 0.716667 0.676562 0.700926 0.678125 0.700000 0.678125 0.687963 0.676562 0.687037 0.676562 0.628704 0.678125 0.627778 0.678125 0.615741
4 0.465104 0.604630 0.465104 0.705556 0.546875 0.705556 0.546875 0.604630
4 0.608854 0.182407 0.608854 0.261111 0.635938 0.261111 0.636458 0.250000 0.645312 0.250000 0.645833 0.247222 0.650000 0.247222 0.650521 0.244444 0.653125 0.244444 0.653646 0.241667 0.659375 0.241667 0.659375 0.182407
4 0.602604 0.171296 0.602604 0.250000 0.715625 0.250000 0.715625 0.234259 0.721875 0.233333 0.721875 0.187963 0.715625 0.187037 0.715625 0.171296
4 0.540104 0.615741 0.540104 0.705556 0.609375 0.705556 0.609375 0.615741
4 0.546354 0.549074 0.546354 0.705556 0.609375 0.705556 0.609375 0.674074 0.607812 0.673148 0.607812 0.549074
