4 0.871354 0.374074 0.871354 0.402778 0.880208 0.402778 0.880729 0.405556 0.883333 0.405556 0.883854 0.408333 0.889583 0.408333 0.890104 0.411111 0.909896 0.411111 0.910417 0.413889 0.919271 0.413889 0.919792 0.416667 0.922917 0.417593 0.922917 0.427778 0.959375 0.427778 0.959375 0.349074 0.894792 0.349074 0.894792 0.359259 0.891667 0.360185 0.891146 0.362963 0.888542 0.362963 0.883333 0.374074
4 0.702604 0.315741 0.702604 0.383333 0.753125 0.383333 0.753125 0.315741
4 0.833854 0.349074 0.833854 0.400000 0.842708 0.400000 0.843229 0.402778 0.867188 0.402778 0.867708 0.400000 0.870313 0.400000 0.870313 0.398148 0.871875 0.397222 0.872396 0.394444 0.878125 0.394444 0.878125 0.390741 0.872396 0.390741 0.871875 0.389815 0.871875 0.349074
4 0.021875 0.371296 0.000000 0.371296 0.000000 0.461111 0.006250 0.461111 0.006250 0.450926 0.009375 0.450000 0.009896 0.447222 0.015625 0.447222 0.016146 0.444444 0.020313 0.444444 0.020833 0.441667 0.028125 0.441667 0.028125 0.382407 0.022396 0.382407 0.021875 0.381481
4 0.002604 0.260185 0.002604 0.380556 0.017708 0.380556 0.021354 0.384259 0.021354 0.417593 0.019792 0.418519 0.018229 0.450000 0.026562 0.450000 0.026562 0.439815 0.028646 0.436111 0.029167 0.438889 0.048438 0.436111 0.058333 0.427778 0.076563 0.425000 0.084896 0.416667 0.090625 0.416667 0.090625 0.385185 0.084375 0.384259 0.084375 0.353704 0.090625 0.352778 0.090625 0.299074 0.084375 0.298148 0.084375 0.287037 0.090625 0.286111 0.090625 0.276852 0.084375 0.275926 0.084375 0.260185
4 0.777604 0.360185 0.777604 0.380556 0.783333 0.380556 0.783854 0.383333 0.786979 0.387037 0.786979 0.388889 0.789583 0.388889 0.790104 0.391667 0.820833 0.391667 0.821354 0.394444 0.826042 0.395370 0.826042 0.405556 0.840625 0.405556 0.840625 0.337963 0.785417 0.337963 0.785417 0.348148 0.783854 0.349074 0.783854 0.359259
4 0.754167 0.326852 0.754167 0.339815 0.752604 0.340741 0.752604 0.345370 0.752083 0.346296 0.746354 0.346296 0.746354 0.377778 0.753646 0.377778 0.754167 0.380556 0.756771 0.380556 0.757292 0.383333 0.764583 0.383333 0.765104 0.384259 0.765104 0.394444 0.779687 0.394444 0.779687 0.384259 0.781250 0.383333 0.781250 0.378704 0.782813 0.377778 0.782813 0.354630 0.781250 0.353704 0.781250 0.326852
4 0.896354 0.593519 0.896354 0.647222 0.902083 0.647222 0.902604 0.650000 0.905208 0.650000 0.905729 0.652778 0.908333 0.652778 0.908854 0.655556 0.911458 0.655556 0.911979 0.658333 0.914583 0.658333 0.915104 0.661111 0.917708 0.661111 0.918229 0.663889 0.919792 0.664815 0.919792 0.666667 0.923958 0.666667 0.924479 0.669444 0.933333 0.669444 0.933854 0.672222 0.940625 0.672222 0.941146 0.669444 0.943750 0.669444 0.943750 0.662037 0.945312 0.661111 0.945312 0.593519
4 0.771354 0.282407 0.771354 0.330556 0.783333 0.330556 0.785417 0.336111 0.789583 0.336111 0.790104 0.338889 0.795312 0.338889 0.795833 0.336111 0.797917 0.338889 0.817708 0.338889 0.818229 0.350000 0.875000 0.350000 0.875000 0.337037 0.876563 0.336111 0.878125 0.325926 0.880208 0.325000 0.883854 0.331481 0.883854 0.350000 0.896875 0.350000 0.896875 0.299074 0.888021 0.299074 0.885938 0.295370 0.885938 0.282407
4 0.777604 0.282407 0.777604 0.333333 0.784896 0.333333 0.785417 0.336111 0.788021 0.336111 0.788542 0.338889 0.793750 0.338889 0.794271 0.336111 0.800521 0.336111 0.801042 0.338889 0.819271 0.338889 0.819792 0.350000 0.865625 0.350000 0.865625 0.282407
4 0.046875 0.537963 0.015104 0.537963 0.015104 0.548148 0.013542 0.549074 0.013021 0.551852 0.010417 0.551852 0.009896 0.554630 0.005729 0.554630 0.003646 0.560185 0.000000 0.560185 0.000000 0.658333 0.004687 0.658333 0.005208 0.655556 0.010937 0.655556 0.013021 0.650000 0.015625 0.650000 0.019271 0.641667 0.021875 0.641667 0.027083 0.630556 0.029687 0.630556 0.031771 0.625000 0.034375 0.625000 0.036458 0.619444 0.039062 0.619444 0.039583 0.616667 0.046875 0.616667
4 0.871354 0.397222 0.884375 0.397222 0.884375 0.385185 0.882812 0.381481 0.885938 0.377778 0.885938 0.373148 0.891146 0.363889 0.893750 0.363889 0.895833 0.358333 0.900000 0.358333 0.900521 0.355556 0.906250 0.355556 0.906771 0.352778 0.942708 0.352778 0.943229 0.355556 0.953125 0.355556 0.953646 0.352778 0.956250 0.352778 0.956250 0.348148 0.957812 0.347222 0.957812 0.334259 0.959375 0.333333 0.959375 0.320370 0.965625 0.319444 0.965625 0.296296 0.959896 0.296296 0.957812 0.292593 0.957812 0.282407 0.891667 0.282407 0.891667 0.295370 0.886979 0.299074 0.886979 0.303704 0.881771 0.310185 0.879687 0.303704 0.881250 0.302778 0.881250 0.295370 0.882812 0.294444 0.882812 0.282407 0.871354 0.282407
4 0.833854 0.350000 0.873437 0.350000 0.873437 0.339815 0.875000 0.338889 0.875000 0.334259 0.876563 0.333333 0.876563 0.328704 0.878125 0.327778 0.878646 0.325000 0.879687 0.325000 0.879687 0.320370 0.882812 0.319444 0.882812 0.317593 0.884375 0.316667 0.884896 0.308333 0.890625 0.308333 0.890625 0.282407 0.833854 0.282407
4 0.002604 0.293519 0.002604 0.380556 0.010937 0.380556 0.011458 0.377778 0.021875 0.377778 0.022396 0.375000 0.028125 0.375000 0.028125 0.293519
