4 0.565104 0.712963 0.569792 0.741667 0.576042 0.748148 0.569792 0.786111 0.579167 0.792593 0.577083 0.799074 0.566667 0.799074 0.565104 0.805556 0.575521 0.808333 0.579167 0.819444 0.613542 0.858333 0.641667 0.883333 0.655729 0.888889 0.675000 0.886111 0.695833 0.833333 0.728125 0.808333 0.734896 0.794444 0.756771 0.791667 0.769792 0.800000 0.789062 0.800000 0.803125 0.791667 0.803125 0.710185 0.794271 0.710185 0.768750 0.690741 0.731771 0.674074 0.729688 0.660185 0.646354 0.660185 0.645833 0.671296 0.569792 0.693519
4 0.071354 0.471296 0.071354 0.586111 0.080208 0.586111 0.090104 0.597222 0.100521 0.600000 0.101042 0.602778 0.114062 0.602778 0.114583 0.600000 0.126562 0.600000 0.127083 0.597222 0.145313 0.594444 0.145833 0.591667 0.154688 0.588889 0.158333 0.583333 0.165625 0.583333 0.165625 0.540741 0.159375 0.539815 0.159375 0.496296 0.157812 0.495370 0.156250 0.471296 0.130729 0.471296 0.130208 0.482407 0.114583 0.482407 0.114062 0.471296 0.096354 0.471296 0.095833 0.482407 0.089583 0.482407 0.089063 0.471296
4 0.740104 0.315741 0.740104 0.450000 0.797917 0.463889 0.914583 0.480556 0.918229 0.484259 0.918229 0.494444 0.959375 0.494444 0.959375 0.315741
4 0.540104 0.315741 0.540104 0.338889 0.546354 0.339815 0.546354 0.389815 0.540104 0.390741 0.540104 0.408333 0.547396 0.408333 0.552604 0.419444 0.589583 0.427778 0.590104 0.438889 0.729688 0.438889 0.729688 0.428704 0.733333 0.422222 0.735417 0.438889 0.746875 0.438889 0.746875 0.315741
4 0.402604 0.304630 0.402604 0.400000 0.447396 0.405556 0.447917 0.416667 0.553125 0.416667 0.553125 0.401852 0.546875 0.400926 0.546875 0.382407 0.545312 0.381481 0.546875 0.334259 0.553125 0.333333 0.553125 0.304630
4 0.277604 0.349074 0.277604 0.397222 0.283333 0.397222 0.283854 0.400000 0.294271 0.400000 0.294792 0.402778 0.314063 0.402778 0.314063 0.400926 0.315625 0.400000 0.316146 0.397222 0.321875 0.397222 0.321875 0.371296 0.316146 0.371296 0.315625 0.370370 0.315625 0.349074
4 0.921354 0.110185 0.921354 0.302778 0.942708 0.302778 0.943229 0.305556 0.950521 0.305556 0.951042 0.308333 0.978125 0.308333 0.978646 0.305556 0.999479 0.308333 0.999479 0.093519 0.960417 0.093519 0.960417 0.103704 0.954167 0.104630 0.953646 0.107407
4 0.677604 0.782407 0.677604 0.894444 0.688021 0.897222 0.697917 0.914815 0.697917 0.927778 0.704167 0.941667 0.744271 0.980556 0.752604 0.999074 0.903125 0.999074 0.903125 0.907407 0.882812 0.917593 0.890625 0.869444 0.890625 0.846296 0.859896 0.826852 0.843750 0.795370 0.843750 0.782407 0.802604 0.782407 0.802083 0.793519 0.784896 0.804630 0.772396 0.804630 0.763021 0.796296 0.762500 0.782407 0.747917 0.782407 0.747396 0.793519 0.732292 0.799074 0.723958 0.815741 0.691146 0.826852 0.685937 0.814815 0.689063 0.811111 0.689063 0.782407
4 0.271354 0.260185 0.271354 0.313889 0.289062 0.313889 0.289583 0.311111 0.303646 0.311111 0.304167 0.313889 0.310937 0.313889 0.310937 0.312037 0.312500 0.311111 0.312500 0.306481 0.314063 0.305556 0.314063 0.260185
4 0.327604 0.304630 0.327604 0.383333 0.333333 0.383333 0.333854 0.386111 0.342708 0.386111 0.343229 0.388889 0.348958 0.388889 0.349479 0.391667 0.373958 0.391667 0.374479 0.394444 0.380729 0.395370 0.380729 0.405556 0.409375 0.405556 0.409375 0.304630
4 0.277604 0.526852 0.277604 0.605556 0.292187 0.605556 0.292708 0.594444 0.295312 0.594444 0.295833 0.591667 0.304688 0.591667 0.305208 0.588889 0.309375 0.588889 0.309375 0.587037 0.310937 0.586111 0.311458 0.580556 0.314063 0.580556 0.314583 0.577778 0.317188 0.577778 0.317708 0.575000 0.320312 0.575000 0.320833 0.572222 0.328125 0.572222 0.328125 0.526852
4 0.402604 0.304630 0.402604 0.400000 0.413021 0.400000 0.413542 0.402778 0.439583 0.402778 0.440104 0.405556 0.447396 0.405556 0.447917 0.416667 0.478125 0.416667 0.478125 0.365741 0.471875 0.364815 0.471875 0.328704 0.478125 0.327778 0.478125 0.304630
4 0.152604 0.271296 0.152604 0.366667 0.178646 0.372222 0.179167 0.383333 0.214062 0.383333 0.214062 0.373148 0.216146 0.369444 0.216667 0.383333 0.259375 0.383333 0.259375 0.351852 0.245833 0.351852 0.243750 0.348148 0.250000 0.347222 0.250521 0.344444 0.259375 0.344444 0.259375 0.271296
4 0.346354 0.560185 0.346354 0.577778 0.369271 0.583333 0.382292 0.602778 0.389583 0.605556 0.393229 0.614815 0.381771 0.626852 0.363542 0.626852 0.363542 0.631481 0.355208 0.643519 0.346354 0.643519 0.346354 0.686111 0.385937 0.688889 0.395833 0.680556 0.410938 0.677778 0.427083 0.666667 0.437500 0.666667 0.456771 0.655556 0.484375 0.647222 0.484375 0.571296 0.478646 0.571296 0.478125 0.560185
