4 0.627604 0.171296 0.627604 0.380556 0.633854 0.381481 0.633854 0.450000 0.649479 0.466667 0.706771 0.475000 0.744792 0.488889 0.767708 0.488889 0.776042 0.495370 0.776042 0.505556 0.792188 0.505556 0.798438 0.441667 0.803125 0.259259 0.809375 0.258333 0.809375 0.137963 0.735417 0.137963 0.735417 0.148148
4 0.102604 0.479630 0.102604 0.538889 0.113021 0.538889 0.144271 0.558333 0.171354 0.583333 0.213021 0.611111 0.230729 0.630556 0.248958 0.636111 0.251042 0.661111 0.259375 0.661111 0.259375 0.618519 0.253646 0.618519 0.243750 0.557407 0.240625 0.551852 0.220833 0.557407 0.215625 0.548148 0.217188 0.537963 0.201563 0.518519 0.195312 0.517593 0.220833 0.502778 0.246875 0.502778 0.250000 0.494444 0.250000 0.482407 0.246875 0.476852 0.231771 0.474074 0.229687 0.460185 0.149479 0.460185 0.149479 0.470370
4 0.558854 0.249074 0.558854 0.313889 0.569271 0.313889 0.569792 0.316667 0.609896 0.316667 0.610417 0.327778 0.618750 0.327778 0.619271 0.316667 0.628125 0.316667 0.628646 0.313889 0.631250 0.313889 0.631250 0.312037 0.632812 0.311111 0.632812 0.249074
4 0.515104 0.371296 0.515104 0.430556 0.527083 0.430556 0.527604 0.433333 0.534896 0.433333 0.535417 0.436111 0.544271 0.436111 0.544792 0.438889 0.552083 0.438889 0.552604 0.441667 0.559896 0.444444 0.560417 0.447222 0.577083 0.450000 0.577604 0.452778 0.584896 0.452778 0.585417 0.455556 0.634375 0.458333 0.634375 0.371296
4 0.152604 0.271296 0.152604 0.319444 0.159896 0.319444 0.160417 0.322222 0.170833 0.322222 0.171354 0.325000 0.183333 0.327778 0.183854 0.330556 0.188021 0.330556 0.188542 0.333333 0.195833 0.333333 0.196354 0.336111 0.203646 0.336111 0.204167 0.338889 0.211458 0.338889 0.211979 0.341667 0.246875 0.341667 0.246875 0.271296
4 0.377604 0.537963 0.377604 0.669444 0.386458 0.669444 0.386979 0.672222 0.389583 0.672222 0.390104 0.675000 0.392708 0.675000 0.399479 0.683333 0.403646 0.683333 0.410417 0.691667 0.423958 0.694444 0.424479 0.697222 0.428646 0.697222 0.429167 0.700000 0.433333 0.700000 0.433854 0.702778 0.446875 0.702778 0.450000 0.694444 0.450000 0.621296 0.448437 0.620370 0.448437 0.612037 0.450000 0.611111 0.450000 0.589815 0.451562 0.588889 0.451562 0.579630 0.447396 0.576852 0.443750 0.567593 0.453125 0.550000 0.453125 0.537963
4 0.096354 0.315741 0.096354 0.366667 0.108333 0.366667 0.108854 0.369444 0.147396 0.369444 0.147917 0.372222 0.151042 0.373148 0.151042 0.383333 0.165625 0.383333 0.165625 0.315741
4 0.277604 0.624074 0.277604 0.669444 0.625521 0.911111 0.627604 0.927778 0.656250 0.927778 0.656250 0.915741 0.609896 0.885185 0.608333 0.869444 0.657813 0.858333 0.746875 0.780556 0.753125 0.748148 0.759375 0.747222 0.759375 0.565741 0.666146 0.543519 0.656250 0.526852 0.572917 0.526852 0.572396 0.537963 0.530729 0.546296 0.514583 0.562963 0.485417 0.560185 0.505729 0.570370 0.484896 0.587963 0.469271 0.585185 0.467187 0.568519 0.453646 0.565741 0.450000 0.546296 0.424479 0.526852 0.422396 0.557407 0.372917 0.587963 0.371354 0.620370 0.361458 0.640741 0.328646 0.646296
4 0.340104 0.337963 0.340104 0.411111 0.350521 0.411111 0.351042 0.413889 0.377083 0.413889 0.377604 0.416667 0.382292 0.417593 0.382292 0.427778 0.410938 0.427778 0.411458 0.416667 0.421875 0.416667 0.422396 0.413889 0.426563 0.413889 0.428646 0.408333 0.434375 0.408333 0.434375 0.399074 0.428125 0.398148 0.428125 0.376852 0.426563 0.375926 0.426563 0.362963 0.423438 0.356481 0.423438 0.337963
4 0.552604 0.171296 0.552604 0.261111 0.607812 0.261111 0.608333 0.250000 0.621875 0.250000 0.622396 0.247222 0.629687 0.247222 0.630208 0.244444 0.632812 0.244444 0.632812 0.206481 0.634375 0.205556 0.634896 0.200000 0.640625 0.200000 0.640625 0.171296
4 0.330729 0.624074 0.330729 0.627778 0.339583 0.630556 0.344792 0.638889 0.372396 0.650000 0.380729 0.666667 0.393229 0.677778 0.397396 0.677778 0.407292 0.688889 0.423958 0.694444 0.433854 0.702778 0.446875 0.702778 0.450000 0.694444 0.450000 0.598148 0.451562 0.597222 0.451562 0.579630 0.450000 0.574074 0.445312 0.570370 0.453125 0.552778 0.453125 0.537963 0.382292 0.537963 0.382292 0.548148 0.375521 0.576852 0.358854 0.579630 0.351042 0.609259 0.345833 0.618519 0.338021 0.624074
