4 0.000000 0.404630 0.000000 0.652778 0.026562 0.652778 0.052083 0.641667 0.073438 0.641667 0.171875 0.605556 0.171875 0.426852 0.164062 0.423148 0.162500 0.404630
4 0.315104 0.449074 0.315104 0.497222 0.351562 0.497222 0.351562 0.495370 0.353125 0.494444 0.353646 0.488889 0.359375 0.488889 0.359375 0.474074 0.353646 0.474074 0.353125 0.473148 0.353646 0.466667 0.359375 0.466667 0.359375 0.449074
4 0.315104 0.493519 0.315104 0.572222 0.323437 0.572222 0.323958 0.561111 0.328125 0.561111 0.328646 0.558333 0.335938 0.558333 0.336458 0.555556 0.340625 0.555556 0.341146 0.552778 0.345313 0.552778 0.345833 0.550000 0.350000 0.550000 0.350000 0.548148 0.351562 0.547222 0.351562 0.545370 0.353125 0.544444 0.353646 0.541667 0.359375 0.541667 0.359375 0.524074 0.353125 0.523148 0.353125 0.507407 0.351562 0.506481 0.351562 0.493519
4 0.258854 0.504630 0.258854 0.583333 0.285938 0.583333 0.286458 0.572222 0.289062 0.572222 0.289583 0.569444 0.293750 0.569444 0.294271 0.566667 0.298438 0.566667 0.298438 0.564815 0.300000 0.563889 0.300521 0.561111 0.301563 0.561111 0.301563 0.526852 0.300000 0.525926 0.300000 0.518519 0.298438 0.517593 0.298438 0.504630
4 0.209375 0.715741 0.177604 0.715741 0.177604 0.728704 0.170833 0.737963 0.128646 0.765741 0.002604 0.779630 0.002604 0.961111 0.112500 0.961111 0.112500 0.948148 0.117708 0.941667 0.137500 0.938889 0.170313 0.905556 0.178125 0.890741 0.164583 0.887963 0.153125 0.868519 0.144792 0.868519 0.139583 0.879630 0.120833 0.879630 0.110937 0.862037 0.139063 0.858333 0.186458 0.813889 0.209375 0.800000
4 0.165104 0.529630 0.165104 0.597222 0.170833 0.597222 0.171354 0.600000 0.173958 0.600000 0.174479 0.602778 0.193750 0.602778 0.194271 0.600000 0.206250 0.600000 0.206771 0.597222 0.212500 0.597222 0.213021 0.594444 0.215625 0.594444 0.216146 0.591667 0.220312 0.591667 0.220833 0.588889 0.232813 0.588889 0.233333 0.586111 0.243750 0.586111 0.244271 0.583333 0.250000 0.583333 0.250521 0.580556 0.254688 0.580556 0.259375 0.572222 0.259375 0.560185 0.257812 0.559259 0.257812 0.515741 0.172917 0.515741 0.172917 0.525926 0.170833 0.529630
4 0.209375 0.715741 0.179167 0.715741 0.179167 0.725926 0.170833 0.737963 0.155208 0.751852 0.128646 0.765741 0.104167 0.765741 0.058333 0.776852 0.026042 0.774074 0.002604 0.779630 0.002604 0.883333 0.093750 0.883333 0.093750 0.870370 0.097396 0.858333 0.135937 0.858333 0.153125 0.847222 0.202083 0.800000 0.209375 0.800000
4 0.346354 0.449074 0.346354 0.494444 0.352083 0.494444 0.352604 0.495370 0.352604 0.505556 0.378125 0.505556 0.378125 0.495370 0.379688 0.494444 0.379688 0.492593 0.381250 0.491667 0.381771 0.488889 0.382812 0.488889 0.382812 0.484259 0.384375 0.483333 0.384375 0.476852 0.382812 0.475926 0.382812 0.470370 0.384375 0.469444 0.384375 0.449074
2 0.821354 0.771296 0.821354 0.919444 0.827083 0.919444 0.836458 0.927778 0.840104 0.938889 0.845833 0.941667 0.852604 0.962037 0.852604 0.975000 0.860417 0.988889 0.863021 0.988889 0.866667 0.999074 0.923438 0.999074 0.923958 0.991667 0.931250 0.986111 0.931250 0.979630 0.926562 0.970370 0.926562 0.960185 0.915625 0.943519 0.900521 0.937963 0.893750 0.931481 0.889062 0.915741 0.882812 0.906481 0.881250 0.896296 0.867188 0.870370 0.856250 0.835185 0.837500 0.798148 0.835938 0.787963 0.832812 0.784259 0.832812 0.771296
4 0.165104 0.449074 0.165104 0.525000 0.185938 0.525000 0.186458 0.522222 0.204687 0.522222 0.205208 0.519444 0.229687 0.519444 0.230208 0.516667 0.273438 0.516667 0.273958 0.513889 0.292187 0.513889 0.292708 0.511111 0.298438 0.511111 0.300000 0.508333 0.300000 0.449074
4 0.383854 0.536111 0.409375 0.536111 0.409896 0.533333 0.417187 0.533333 0.417708 0.530556 0.421875 0.530556 0.422396 0.527778 0.425000 0.527778 0.425521 0.525000 0.428125 0.525000 0.428646 0.522222 0.435937 0.522222 0.436458 0.519444 0.443750 0.519444 0.444271 0.516667 0.448437 0.516667 0.448437 0.514815 0.450000 0.513889 0.452083 0.508333 0.459375 0.508333 0.459375 0.499074 0.453125 0.498148 0.453125 0.482407 0.383854 0.482407
4 0.352604 0.493519 0.352604 0.547222 0.360938 0.547222 0.361458 0.544444 0.370312 0.544444 0.370833 0.541667 0.376563 0.541667 0.377083 0.538889 0.381250 0.538889 0.381250 0.537037 0.382812 0.536111 0.382812 0.534259 0.384375 0.533333 0.384896 0.530556 0.390625 0.530556 0.390625 0.524074 0.384896 0.524074 0.384375 0.523148 0.384375 0.518519 0.382812 0.517593 0.382812 0.507407 0.381250 0.506481 0.381250 0.493519
4 0.296354 0.315741 0.296354 0.372222 0.315625 0.372222 0.315625 0.315741
