4 0.227604 0.449074 0.227604 0.527778 0.246875 0.527778 0.247396 0.516667 0.256250 0.516667 0.256771 0.513889 0.275000 0.513889 0.275521 0.511111 0.290625 0.511111 0.290625 0.449074
4 0.283854 0.449074 0.283854 0.466667 0.290104 0.467593 0.289583 0.474074 0.283854 0.474074 0.283854 0.516667 0.328125 0.516667 0.328125 0.449074
4 0.233854 0.515741 0.233854 0.594444 0.264062 0.594444 0.264062 0.584259 0.267188 0.583333 0.267708 0.580556 0.276562 0.580556 0.277083 0.577778 0.281250 0.577778 0.281771 0.575000 0.290625 0.575000 0.290625 0.515741
4 0.283854 0.515741 0.283854 0.583333 0.293750 0.583333 0.293750 0.573148 0.298438 0.572222 0.298958 0.569444 0.306250 0.569444 0.306771 0.566667 0.314063 0.566667 0.314583 0.563889 0.318750 0.563889 0.319271 0.561111 0.328125 0.561111 0.328125 0.504630 0.291667 0.504630 0.291146 0.515741
4 0.139063 0.537963 0.085417 0.537963 0.084896 0.549074 0.076042 0.549074 0.075521 0.551852 0.038542 0.551852 0.038021 0.554630 0.021354 0.554630 0.020833 0.557407 0.002604 0.560185 0.002604 0.677778 0.021875 0.675000 0.022396 0.672222 0.029687 0.672222 0.036458 0.666667 0.053125 0.663889 0.053646 0.661111 0.059375 0.661111 0.070833 0.652778 0.087500 0.650000 0.088021 0.647222 0.107813 0.641667 0.108333 0.638889 0.135937 0.627778 0.137500 0.625000 0.135937 0.589815 0.137500 0.588889
4 0.140104 0.537963 0.140104 0.625000 0.157812 0.625000 0.158333 0.622222 0.167187 0.622222 0.167708 0.619444 0.175000 0.619444 0.175521 0.616667 0.179688 0.616667 0.180208 0.613889 0.185938 0.613889 0.186458 0.611111 0.190625 0.611111 0.191146 0.608333 0.196875 0.608333 0.197396 0.605556 0.201563 0.605556 0.202083 0.602778 0.204687 0.602778 0.204687 0.600926 0.209375 0.594444 0.209375 0.590741 0.207813 0.589815 0.207813 0.549074 0.206250 0.548148 0.206250 0.526852 0.149479 0.526852 0.148958 0.537963
4 0.321354 0.449074 0.321354 0.500000 0.327083 0.500000 0.327604 0.502778 0.330208 0.502778 0.330729 0.505556 0.340625 0.505556 0.341146 0.502778 0.362500 0.502778 0.363021 0.500000 0.379688 0.500000 0.380208 0.497222 0.390625 0.497222 0.391146 0.494444 0.393750 0.494444 0.393750 0.487037 0.395313 0.486111 0.395313 0.476852 0.393750 0.475926 0.393750 0.449074
4 0.002604 0.860185 0.002604 0.999074 0.120313 0.999074 0.125000 0.984259 0.131250 0.977778 0.139063 0.961111 0.139063 0.917593 0.141146 0.911111 0.146875 0.911111 0.146875 0.879630 0.106250 0.871296 0.061979 0.874074 0.052604 0.882407 0.051042 0.906481 0.041146 0.921296 0.040625 0.900926 0.043750 0.888889 0.042188 0.860185
4 0.046875 0.849074 0.000000 0.849074 0.000000 0.999074 0.004687 0.999074 0.005208 0.997222 0.009375 0.997222 0.009896 0.994444 0.012500 0.994444 0.014583 0.988889 0.017188 0.988889 0.022396 0.977778 0.025000 0.977778 0.031771 0.963889 0.034375 0.963889 0.040625 0.952778 0.040625 0.889815 0.046875 0.888889
4 0.327604 0.558333 0.357812 0.558333 0.358333 0.555556 0.364063 0.555556 0.364583 0.552778 0.368750 0.552778 0.369271 0.550000 0.371875 0.550000 0.372396 0.547222 0.376563 0.547222 0.377083 0.544444 0.381250 0.544444 0.381771 0.541667 0.387500 0.541667 0.388021 0.538889 0.392188 0.538889 0.392708 0.536111 0.396875 0.536111 0.397396 0.533333 0.409375 0.533333 0.409896 0.530556 0.412500 0.530556 0.413021 0.527778 0.415625 0.527778 0.416146 0.525000 0.421875 0.525000 0.421875 0.504630 0.327604 0.504630
4 0.002604 0.468519 0.002604 0.541667 0.022396 0.544444 0.035417 0.550000 0.095312 0.550000 0.114583 0.541667 0.148438 0.541667 0.209375 0.530556 0.209375 0.449074 0.080729 0.449074 0.080208 0.460185
4 0.434375 0.515741 0.413542 0.515741 0.411458 0.529630 0.383854 0.540741 0.364583 0.560185 0.332292 0.562963 0.323958 0.593519 0.303646 0.607407 0.283854 0.610185 0.277083 0.621296 0.264583 0.624074 0.259375 0.610185 0.233854 0.615741 0.233854 0.813889 0.242708 0.813889 0.243229 0.827778 0.275000 0.827778 0.273438 0.812963 0.258333 0.810185 0.258333 0.800000 0.296875 0.786111 0.316146 0.766667 0.339062 0.755556 0.359896 0.719444 0.371875 0.708333 0.371875 0.687963 0.367188 0.681481 0.369271 0.669444 0.380208 0.666667 0.379167 0.691667 0.386979 0.700000 0.398438 0.697222 0.426563 0.663889 0.426563 0.651852 0.420312 0.637037 0.425000 0.622222 0.423438 0.606481 0.428646 0.594444 0.434375 0.594444
