4 0.140104 0.518519 0.140104 0.663889 0.148958 0.666667 0.158854 0.683333 0.176042 0.700000 0.187500 0.700000 0.219271 0.686111 0.237500 0.683333 0.248438 0.677778 0.253646 0.669444 0.259375 0.669444 0.259375 0.646296 0.253125 0.645370 0.250000 0.543519 0.242188 0.528704 0.237500 0.501852 0.217708 0.496296 0.215625 0.492593 0.215625 0.482407 0.193229 0.482407 0.193229 0.517593 0.191146 0.521296 0.183333 0.518519 0.179688 0.512963 0.170833 0.512963 0.162500 0.507407 0.151042 0.507407 0.145833 0.518519
4 0.777604 0.304630 0.777604 0.425000 0.783854 0.425926 0.783854 0.477778 0.788542 0.488889 0.832292 0.508333 0.892708 0.519444 0.966667 0.541667 0.999479 0.544444 0.999479 0.304630
4 0.790625 0.304630 0.747917 0.304630 0.747396 0.315741 0.565104 0.318519 0.565104 0.441667 0.597917 0.455556 0.701042 0.477778 0.765625 0.480556 0.776563 0.475000 0.782813 0.463889 0.784375 0.409259 0.790625 0.408333
4 0.452604 0.382407 0.452604 0.441667 0.459896 0.441667 0.461979 0.447222 0.464583 0.447222 0.465104 0.450000 0.469271 0.450000 0.469792 0.452778 0.472396 0.452778 0.472917 0.455556 0.477083 0.455556 0.477604 0.458333 0.486458 0.458333 0.486979 0.461111 0.494271 0.461111 0.494792 0.463889 0.500521 0.463889 0.501042 0.466667 0.531250 0.466667 0.534375 0.461111 0.534375 0.457407 0.532813 0.456481 0.532813 0.399074 0.531250 0.398148 0.531250 0.382407
4 0.446354 0.671296 0.446354 0.797222 0.453646 0.797222 0.504167 0.844444 0.518750 0.847222 0.519271 0.844444 0.526563 0.844444 0.527083 0.841667 0.532813 0.838889 0.532813 0.834259 0.535937 0.827778 0.535937 0.820370 0.537500 0.819444 0.537500 0.809259 0.539062 0.808333 0.537500 0.803704 0.537500 0.774074 0.535937 0.773148 0.535937 0.728704 0.537500 0.727778 0.537500 0.704630 0.535937 0.703704 0.535937 0.699074 0.521354 0.699074 0.520833 0.701852 0.513542 0.701852 0.513021 0.704630 0.500521 0.704630 0.493750 0.696296 0.489583 0.696296 0.489063 0.693519 0.484896 0.693519 0.484375 0.690741 0.480208 0.690741 0.479687 0.687963 0.473958 0.685185 0.471875 0.681481 0.471875 0.671296
4 0.452604 0.237963 0.452604 0.327778 0.531250 0.327778 0.531250 0.314815 0.534375 0.311111 0.534375 0.306481 0.540625 0.305556 0.540625 0.237963
4 0.452604 0.315741 0.452604 0.383333 0.459896 0.383333 0.460417 0.394444 0.531250 0.394444 0.531250 0.378704 0.532813 0.377778 0.532813 0.335185 0.531250 0.334259 0.531250 0.315741
4 0.240104 0.471296 0.240104 0.536111 0.247396 0.536111 0.251042 0.547222 0.257292 0.552778 0.280208 0.561111 0.280729 0.572222 0.296875 0.572222 0.296875 0.562037 0.300521 0.558333 0.326562 0.552778 0.327083 0.550000 0.332813 0.550000 0.339583 0.544444 0.379688 0.541667 0.384896 0.533333 0.390625 0.533333 0.390625 0.482407 0.383333 0.482407 0.382812 0.471296 0.366667 0.471296 0.366146 0.482407 0.364063 0.481481 0.364063 0.471296
4 0.327604 0.385185 0.327604 0.394444 0.333333 0.394444 0.336979 0.408333 0.353646 0.413889 0.357292 0.419444 0.363021 0.419444 0.363542 0.422222 0.377083 0.422222 0.377604 0.425000 0.388021 0.425000 0.388542 0.427778 0.426563 0.425000 0.428646 0.422222 0.429167 0.425000 0.441146 0.425000 0.441667 0.427778 0.444271 0.427778 0.444792 0.438889 0.459375 0.438889 0.459375 0.360185 0.333854 0.360185 0.333854 0.384259
4 0.333854 0.293519 0.333854 0.372222 0.368750 0.372222 0.369271 0.361111 0.371875 0.361111 0.372396 0.358333 0.376563 0.358333 0.377083 0.355556 0.379688 0.355556 0.380208 0.352778 0.382812 0.352778 0.383333 0.350000 0.385937 0.350000 0.386458 0.347222 0.389062 0.347222 0.389583 0.344444 0.393750 0.344444 0.394271 0.341667 0.396875 0.341667 0.397396 0.338889 0.401562 0.338889 0.402083 0.336111 0.414062 0.336111 0.414583 0.333333 0.421875 0.333333 0.421875 0.293519
4 0.377604 0.571296 0.377604 0.600000 0.384896 0.600000 0.388542 0.614815 0.383333 0.632407 0.377604 0.632407 0.377604 0.650000 0.383854 0.650926 0.385417 0.672222 0.391667 0.687037 0.393229 0.725000 0.415104 0.758333 0.428646 0.769444 0.430729 0.783333 0.446875 0.783333 0.446875 0.678704 0.452083 0.672222 0.458333 0.675000 0.465104 0.691667 0.491146 0.697222 0.497917 0.705556 0.540625 0.700000 0.540625 0.582407 0.522917 0.574074 0.509896 0.587963 0.467708 0.596296 0.464062 0.592593 0.470833 0.580556 0.482812 0.572222 0.485938 0.549074 0.421354 0.549074 0.421354 0.559259
4 0.594792 0.790741 0.596354 0.800000 0.655208 0.786111 0.666667 0.792593 0.663542 0.808333 0.708333 0.800000 0.752604 0.837037 0.669792 0.929630 0.651042 0.965741 0.655729 0.999074 0.731250 0.994444 0.827083 0.905556 0.862500 0.897222 0.946875 0.808333 0.942187 0.751852 0.922396 0.749074 0.923438 0.737963 0.903125 0.710185 0.872396 0.707407 0.843750 0.682407 0.754687 0.649074 0.738542 0.651852 0.747917 0.684259 0.735417 0.699074 0.728646 0.726852 0.718750 0.718519 0.685417 0.724074 0.675521 0.737963 0.599479 0.768519 0.601042 0.784259
4 0.190625 0.415741 0.146354 0.415741 0.146354 0.516667 0.160938 0.516667 0.160938 0.506481 0.162500 0.505556 0.163021 0.502778 0.168750 0.502778 0.169271 0.500000 0.173437 0.500000 0.173437 0.498148 0.175000 0.497222 0.175000 0.495370 0.176563 0.494444 0.176563 0.492593 0.178125 0.491667 0.180208 0.486111 0.181250 0.486111 0.181250 0.481481 0.182812 0.480556 0.182812 0.475926 0.184375 0.475000 0.184896 0.472222 0.190625 0.472222
