4 0.115625 0.387963 0.089583 0.382407 0.089063 0.371296 0.000000 0.371296 0.000000 0.722222 0.020313 0.716667 0.069271 0.686111 0.081250 0.683333 0.106250 0.661111 0.106250 0.584259 0.109896 0.569444 0.115625 0.569444
4 0.258854 0.493519 0.258854 0.583333 0.275000 0.583333 0.275521 0.572222 0.279687 0.572222 0.280208 0.569444 0.285938 0.569444 0.286458 0.566667 0.290625 0.566667 0.291146 0.563889 0.293750 0.563889 0.294271 0.561111 0.303125 0.561111 0.303125 0.493519
4 0.277604 0.293519 0.277604 0.355556 0.291146 0.355556 0.291667 0.358333 0.297396 0.358333 0.297917 0.361111 0.303646 0.361111 0.304167 0.363889 0.312500 0.363889 0.312500 0.359259 0.314063 0.358333 0.314063 0.310185 0.312500 0.309259 0.312500 0.293519
4 0.108854 0.655556 0.117188 0.655556 0.117708 0.652778 0.131250 0.652778 0.131771 0.650000 0.135937 0.650000 0.136458 0.647222 0.142187 0.647222 0.142708 0.644444 0.146875 0.644444 0.147396 0.641667 0.153125 0.641667 0.153646 0.638889 0.156250 0.638889 0.156771 0.636111 0.159375 0.636111 0.159896 0.633333 0.164062 0.633333 0.164583 0.630556 0.168750 0.630556 0.169271 0.627778 0.175000 0.625000 0.175000 0.620370 0.178125 0.616667 0.178125 0.609259 0.184375 0.608333 0.184375 0.549074 0.124479 0.549074 0.123958 0.562963 0.119792 0.562963 0.119271 0.565741 0.108854 0.565741
4 0.171354 0.537963 0.171354 0.577778 0.177604 0.578704 0.177604 0.616667 0.225000 0.616667 0.225000 0.606481 0.227083 0.602778 0.231250 0.602778 0.231771 0.600000 0.239063 0.600000 0.239583 0.597222 0.248438 0.597222 0.248958 0.594444 0.259375 0.594444 0.259375 0.537963
4 0.258854 0.449074 0.258854 0.494444 0.281771 0.494444 0.282292 0.497222 0.297396 0.497222 0.297917 0.500000 0.312500 0.500000 0.313021 0.497222 0.328125 0.497222 0.328646 0.494444 0.340625 0.494444 0.340625 0.437963 0.265104 0.437963 0.265104 0.448148
4 0.602604 0.426852 0.602604 0.519444 0.695833 0.566667 0.718229 0.594444 0.759896 0.616667 0.766667 0.630556 0.794271 0.636111 0.883854 0.697222 0.911458 0.702778 0.915104 0.722222 0.970833 0.747222 0.972917 0.761111 0.996875 0.761111 0.996875 0.471296 0.827083 0.468519 0.815625 0.462037 0.822396 0.444444 0.856250 0.441667 0.859375 0.426852 0.721354 0.426852 0.720833 0.451852 0.717187 0.443519 0.694271 0.451852 0.689063 0.426852
4 0.302604 0.504630 0.302604 0.561111 0.321875 0.561111 0.321875 0.550926 0.322396 0.550000 0.325000 0.550000 0.325521 0.547222 0.329688 0.547222 0.330208 0.544444 0.335938 0.544444 0.336458 0.541667 0.339062 0.541667 0.339583 0.538889 0.346875 0.538889 0.346875 0.504630
4 0.940104 0.649074 0.940104 0.702778 0.948958 0.702778 0.949479 0.705556 0.953646 0.705556 0.954167 0.708333 0.958333 0.708333 0.958854 0.711111 0.961458 0.711111 0.961979 0.713889 0.966146 0.713889 0.966667 0.716667 0.970833 0.716667 0.971354 0.719444 0.973958 0.719444 0.974479 0.722222 0.978646 0.722222 0.979167 0.725000 0.984896 0.725000 0.985417 0.727778 0.989583 0.727778 0.990104 0.738889 0.999479 0.738889 0.999479 0.660185 0.993229 0.660185 0.992708 0.662963 0.989583 0.662963 0.989062 0.660185 0.984896 0.660185 0.984375 0.649074
4 0.000000 0.999074 0.018750 0.999074 0.028646 0.994444 0.041667 0.999074 0.068750 0.999074 0.080208 0.994444 0.095312 0.994444 0.095312 0.984259 0.098437 0.975926 0.104688 0.969444 0.114062 0.950000 0.110937 0.939815 0.115625 0.936111 0.122396 0.905556 0.150521 0.886111 0.159375 0.886111 0.159375 0.849074 0.033854 0.849074 0.033854 0.859259 0.031771 0.862963 0.000000 0.865741
