4 0.157812 0.749074 0.124479 0.749074 0.124479 0.759259 0.113021 0.771296 0.080729 0.785185 0.066146 0.796296 0.040104 0.801852 0.040104 0.991667 0.059375 0.991667 0.073438 0.980556 0.075521 0.975000 0.079687 0.975000 0.084896 0.963889 0.092188 0.961111 0.095833 0.952778 0.103125 0.950000 0.103125 0.943519 0.095833 0.946296 0.087500 0.934259 0.085938 0.923148 0.089583 0.913889 0.104688 0.902778 0.106771 0.894444 0.127083 0.872222 0.157812 0.861111
4 0.418750 0.704630 0.401042 0.704630 0.401042 0.714815 0.391146 0.732407 0.373958 0.740741 0.331771 0.735185 0.316146 0.729630 0.312500 0.724074 0.301042 0.724074 0.297396 0.729630 0.290104 0.729630 0.290104 0.905556 0.319792 0.911111 0.366146 0.911111 0.366667 0.913889 0.382812 0.908333 0.392188 0.884259 0.409896 0.852778 0.415625 0.850000 0.418750 0.838889 0.418750 0.756481 0.420312 0.755556
4 0.159375 0.526852 0.090104 0.526852 0.089583 0.537963 0.080729 0.537963 0.080208 0.540741 0.000000 0.543519 0.000000 0.650000 0.029687 0.650000 0.030208 0.638889 0.060937 0.638889 0.061458 0.636111 0.104688 0.630556 0.105208 0.627778 0.134375 0.622222 0.152083 0.611111 0.159375 0.611111
4 0.158854 0.529630 0.158854 0.616667 0.165625 0.616667 0.166146 0.605556 0.176563 0.605556 0.177083 0.602778 0.193750 0.602778 0.194271 0.600000 0.212500 0.597222 0.213021 0.594444 0.220312 0.594444 0.220833 0.591667 0.232813 0.591667 0.233333 0.588889 0.242188 0.588889 0.245312 0.583333 0.245312 0.515741 0.166667 0.515741 0.166667 0.525926 0.164583 0.529630
4 0.158854 0.782407 0.158854 0.897222 0.176563 0.897222 0.177083 0.894444 0.190625 0.894444 0.191146 0.891667 0.193750 0.891667 0.194271 0.888889 0.198437 0.888889 0.200521 0.883333 0.203125 0.883333 0.205208 0.877778 0.207813 0.877778 0.209896 0.872222 0.212500 0.872222 0.214583 0.866667 0.217188 0.866667 0.217708 0.863889 0.223438 0.861111 0.227083 0.852778 0.234375 0.852778 0.234375 0.782407
4 0.321354 0.426852 0.321354 0.550000 0.353125 0.550000 0.353646 0.538889 0.364063 0.538889 0.364583 0.536111 0.379688 0.536111 0.380208 0.533333 0.382812 0.533333 0.383333 0.530556 0.390625 0.530556 0.390625 0.426852
4 0.002604 0.121296 0.002604 0.283333 0.030208 0.286111 0.051042 0.294444 0.086458 0.297222 0.108333 0.305556 0.108854 0.316667 0.134375 0.316667 0.134375 0.303704 0.140625 0.302778 0.140625 0.165741 0.134896 0.165741 0.131250 0.157407 0.108333 0.151852 0.101562 0.146296 0.055208 0.140741 0.015625 0.121296
4 0.246354 0.526852 0.246354 0.594444 0.259375 0.594444 0.259896 0.583333 0.265625 0.583333 0.266146 0.580556 0.275000 0.580556 0.275521 0.577778 0.285938 0.577778 0.286458 0.575000 0.290625 0.575000 0.291146 0.572222 0.295312 0.572222 0.295312 0.570370 0.296875 0.569444 0.297396 0.566667 0.303125 0.566667 0.303125 0.526852
2 0.152604 0.004630 0.152604 0.033333 0.163021 0.033333 0.190104 0.058333 0.209896 0.066667 0.221354 0.077778 0.234896 0.083333 0.247917 0.097222 0.267708 0.105556 0.279167 0.116667 0.292708 0.122222 0.299479 0.128704 0.299479 0.138889 0.306250 0.138889 0.306771 0.127778 0.312500 0.125000 0.316146 0.116667 0.321875 0.116667 0.321875 0.087963 0.315625 0.087037 0.314063 0.071296 0.308333 0.068519 0.301563 0.054630 0.284896 0.040741 0.282813 0.035185 0.267188 0.021296 0.258333 0.018519 0.256250 0.014815 0.256250 0.004630
4 0.002604 0.760185 0.002604 0.999074 0.046875 0.999074 0.046875 0.940741 0.040625 0.939815 0.039062 0.785185 0.037500 0.784259 0.037500 0.760185
4 0.240104 0.493519 0.240104 0.536111 0.247396 0.536111 0.247917 0.538889 0.260937 0.538889 0.261458 0.536111 0.267188 0.536111 0.267708 0.533333 0.275000 0.533333 0.275521 0.530556 0.292187 0.530556 0.292708 0.527778 0.295312 0.527778 0.295312 0.520370 0.296875 0.519444 0.296875 0.512963 0.295312 0.512037 0.295312 0.493519
4 0.240104 0.449074 0.240104 0.505556 0.259375 0.505556 0.259896 0.494444 0.271875 0.494444 0.272396 0.491667 0.282813 0.491667 0.283333 0.488889 0.289062 0.488889 0.289583 0.486111 0.296875 0.486111 0.297396 0.483333 0.303125 0.483333 0.303125 0.449074
