4 0.796354 0.465741 0.796354 0.575000 0.802083 0.575000 0.818229 0.594444 0.848958 0.600000 0.894792 0.619444 0.975521 0.638889 0.976042 0.650000 0.993750 0.650000 0.993750 0.639815 0.999479 0.636111 0.999479 0.501852 0.939583 0.496296 0.892708 0.482407 0.889062 0.473148 0.894271 0.466667 0.920312 0.461111 0.912500 0.450926 0.912500 0.437963 0.869792 0.437963 0.869792 0.448148 0.861458 0.454630
4 0.665104 0.449074 0.665104 0.541667 0.670833 0.541667 0.672917 0.552778 0.677604 0.561111 0.705208 0.572222 0.705729 0.575000 0.713021 0.575000 0.713542 0.577778 0.739583 0.577778 0.740104 0.580556 0.763021 0.580556 0.763542 0.583333 0.778125 0.583333 0.778646 0.580556 0.785937 0.580556 0.795312 0.572222 0.796875 0.566667 0.796875 0.487037 0.803125 0.486111 0.803125 0.468519 0.794271 0.468519 0.793750 0.465741 0.786458 0.465741 0.785937 0.462963 0.768229 0.462963 0.767708 0.465741 0.736458 0.462963 0.735938 0.460185 0.729688 0.459259 0.729688 0.449074
4 0.458854 0.776852 0.458854 0.819444 0.466146 0.819444 0.480729 0.837037 0.488542 0.897222 0.499479 0.919444 0.529167 0.950000 0.574479 0.980556 0.590625 0.975000 0.620833 0.930556 0.648438 0.911111 0.670833 0.877778 0.696875 0.861111 0.704688 0.844444 0.707812 0.783333 0.706250 0.760185 0.698438 0.749074 0.675521 0.740741 0.671875 0.726852 0.641667 0.726852 0.646354 0.787037 0.641146 0.799074 0.613021 0.821296 0.563021 0.846296 0.551562 0.837037 0.545312 0.800926 0.545312 0.784259 0.553125 0.775000 0.557813 0.752778 0.553125 0.726852 0.540104 0.726852 0.538021 0.740741 0.517708 0.754630
4 0.133854 0.360185 0.133854 0.425000 0.142708 0.425000 0.143229 0.427778 0.150521 0.427778 0.151042 0.430556 0.159896 0.430556 0.160417 0.433333 0.168750 0.433333 0.169271 0.430556 0.178125 0.430556 0.178125 0.376852 0.171875 0.375926 0.171875 0.371296 0.170313 0.370370 0.170313 0.360185
4 0.366667 0.483333 0.371354 0.491667 0.429167 0.511111 0.487500 0.519444 0.562500 0.497222 0.613021 0.472222 0.657813 0.472222 0.667708 0.452778 0.689063 0.444444 0.702083 0.419444 0.753646 0.419444 0.778125 0.433333 0.778125 0.360185 0.519792 0.360185 0.519271 0.371296 0.503646 0.376852 0.385417 0.379630 0.368229 0.396296
4 0.255729 0.360185 0.252604 0.391667 0.254167 0.392593 0.254167 0.447222 0.257292 0.452778 0.286458 0.458333 0.291667 0.462037 0.291667 0.472222 0.365625 0.472222 0.365625 0.421296 0.334896 0.426852 0.334375 0.424074 0.311458 0.424074 0.304688 0.420370 0.305208 0.413889 0.316146 0.408333 0.365625 0.405556 0.365625 0.360185
4 0.058854 0.360185 0.058854 0.411111 0.067708 0.411111 0.068229 0.413889 0.086458 0.413889 0.086979 0.416667 0.107813 0.416667 0.108333 0.413889 0.123438 0.413889 0.123958 0.411111 0.131250 0.411111 0.131250 0.409259 0.134375 0.405556 0.134375 0.360185
4 0.208854 0.510185 0.208854 0.569444 0.216146 0.569444 0.216667 0.572222 0.227083 0.575000 0.227604 0.577778 0.231771 0.577778 0.232292 0.580556 0.245833 0.583333 0.246354 0.586111 0.253646 0.588889 0.257292 0.594444 0.264583 0.594444 0.265104 0.597222 0.270833 0.597222 0.271354 0.600000 0.275521 0.600000 0.276042 0.602778 0.286458 0.605556 0.286979 0.616667 0.296875 0.616667 0.296875 0.606481 0.298438 0.605556 0.298438 0.559259 0.300000 0.558333 0.300000 0.535185 0.297396 0.535185 0.292187 0.526852 0.288021 0.526852 0.287500 0.524074 0.283333 0.524074 0.282813 0.521296 0.278646 0.521296 0.278125 0.518519 0.267708 0.518519 0.267188 0.515741 0.259896 0.515741 0.259375 0.512963 0.255208 0.512963 0.254688 0.510185 0.242708 0.507407 0.242188 0.504630 0.239063 0.503704 0.239063 0.493519 0.222917 0.493519 0.222396 0.504630 0.215104 0.507407 0.214583 0.510185
4 0.002604 0.349074 0.002604 0.397222 0.009896 0.397222 0.010417 0.400000 0.031771 0.400000 0.032292 0.402778 0.059375 0.402778 0.059375 0.349074
4 0.290104 0.404630 0.290104 0.461111 0.295833 0.461111 0.296354 0.463889 0.306771 0.463889 0.307292 0.466667 0.313021 0.466667 0.313542 0.469444 0.320833 0.469444 0.321354 0.472222 0.325521 0.472222 0.326042 0.475000 0.330208 0.475000 0.330729 0.477778 0.339583 0.480556 0.340104 0.483333 0.341667 0.484259 0.341667 0.494444 0.360938 0.494444 0.360938 0.484259 0.362500 0.483333 0.362500 0.424074 0.360938 0.423148 0.360938 0.404630
4 0.127604 0.360185 0.127604 0.388889 0.133854 0.389815 0.135417 0.416667 0.141667 0.425000 0.152083 0.427778 0.152604 0.430556 0.175521 0.433333 0.176042 0.436111 0.188021 0.438889 0.188542 0.441667 0.192708 0.441667 0.197917 0.447222 0.221875 0.447222 0.222396 0.444444 0.234375 0.444444 0.234896 0.441667 0.246875 0.441667 0.247396 0.438889 0.251563 0.438889 0.251563 0.389815 0.253125 0.388889 0.253125 0.379630 0.248438 0.370370 0.248438 0.360185 0.177604 0.360185 0.177604 0.370370 0.175521 0.374074 0.170313 0.373148 0.170313 0.360185
4 0.358854 0.282407 0.372917 0.352778 0.408333 0.319444 0.461979 0.336111 0.503646 0.333333 0.524479 0.359259 0.508333 0.374074 0.377604 0.382407 0.366667 0.424074 0.366667 0.483333 0.372917 0.491667 0.487500 0.519444 0.603646 0.475000 0.656250 0.472222 0.672396 0.450000 0.690625 0.447222 0.706771 0.419444 0.776042 0.438889 0.811458 0.419444 0.816667 0.428704 0.810417 0.441667 0.828125 0.444444 0.828125 0.282407
4 0.165104 0.379630 0.165104 0.433333 0.173958 0.433333 0.174479 0.436111 0.181771 0.436111 0.182292 0.438889 0.188021 0.438889 0.188542 0.441667 0.192708 0.441667 0.193229 0.444444 0.197396 0.444444 0.197917 0.447222 0.206771 0.447222 0.207292 0.450000 0.214062 0.450000 0.214583 0.447222 0.225000 0.447222 0.225521 0.444444 0.237500 0.444444 0.238021 0.441667 0.246875 0.441667 0.247396 0.438889 0.250000 0.438889 0.251563 0.436111 0.251563 0.393519 0.250000 0.392593 0.250000 0.376852 0.246875 0.373148 0.246875 0.360185 0.185417 0.360185 0.184896 0.371296 0.182292 0.371296 0.181771 0.374074 0.179167 0.374074 0.178646 0.376852 0.174479 0.376852 0.173958 0.379630
4 0.208854 0.571296 0.208854 0.627778 0.216146 0.627778 0.219792 0.633333 0.223958 0.633333 0.224479 0.636111 0.227083 0.636111 0.229167 0.641667 0.231771 0.641667 0.233854 0.647222 0.236458 0.647222 0.236979 0.650000 0.239583 0.650000 0.240104 0.652778 0.242708 0.652778 0.243229 0.655556 0.245833 0.655556 0.246354 0.658333 0.248958 0.658333 0.249479 0.661111 0.252083 0.661111 0.252604 0.663889 0.255208 0.663889 0.255729 0.666667 0.258333 0.666667 0.258854 0.669444 0.261458 0.669444 0.265104 0.675000 0.270833 0.675000 0.271354 0.677778 0.284375 0.677778 0.284896 0.675000 0.298438 0.675000 0.301563 0.669444 0.301563 0.664815 0.303125 0.663889 0.303125 0.643519 0.301563 0.642593 0.301563 0.610185 0.298438 0.604630 0.295833 0.604630 0.292187 0.599074 0.288542 0.599074 0.288021 0.601852 0.267708 0.599074 0.267188 0.596296 0.263021 0.596296 0.262500 0.593519 0.258333 0.593519 0.257812 0.590741 0.253646 0.590741 0.253125 0.587963 0.248958 0.587963 0.248438 0.585185 0.241146 0.585185 0.239063 0.581481 0.239063 0.571296
4 0.358854 0.293519 0.358854 0.316667 0.366667 0.320370 0.376042 0.352778 0.394271 0.325000 0.413021 0.322222 0.461979 0.336111 0.502083 0.330556 0.524479 0.356481 0.522396 0.371296 0.396354 0.376852 0.368229 0.393519 0.366667 0.483333 0.371354 0.491667 0.487500 0.519444 0.609896 0.472222 0.659375 0.469444 0.703125 0.422222 0.703125 0.293519
4 0.002604 0.349074 0.002604 0.405556 0.040625 0.405556 0.040625 0.349074
