4 0.215104 0.382407 0.215104 0.477778 0.220833 0.477778 0.226042 0.491667 0.240104 0.502778 0.275521 0.516667 0.280729 0.525000 0.302083 0.530556 0.363542 0.566667 0.438021 0.544444 0.452604 0.550000 0.466146 0.544444 0.471354 0.561111 0.478125 0.561111 0.478125 0.432407 0.461458 0.429630 0.464062 0.412963 0.457813 0.407407 0.413542 0.410185 0.370833 0.424074 0.352083 0.424074 0.320833 0.415741 0.298438 0.401852 0.284896 0.404630 0.273438 0.392593 0.273438 0.382407
4 0.602604 0.493519 0.602604 0.658333 0.752083 0.736111 0.766667 0.761111 0.778646 0.769444 0.780729 0.783333 0.801562 0.783333 0.805208 0.769444 0.817708 0.772222 0.818229 0.783333 0.842187 0.783333 0.845313 0.759259 0.857812 0.750000 0.871875 0.689815 0.878125 0.688889 0.878125 0.507407 0.858333 0.504630 0.857812 0.493519 0.697917 0.493519 0.697917 0.503704 0.639583 0.512963 0.634375 0.506481 0.634375 0.493519
4 0.202604 0.715741 0.202604 0.761111 0.214583 0.761111 0.219792 0.775000 0.229167 0.784259 0.230729 0.792593 0.226042 0.801852 0.226042 0.816667 0.233854 0.833333 0.247396 0.844444 0.254167 0.856481 0.257292 0.883333 0.268229 0.908333 0.329167 0.988889 0.340625 0.988889 0.350521 0.975000 0.359375 0.972222 0.359375 0.810185 0.353125 0.809259 0.353125 0.789815 0.359375 0.788889 0.359375 0.768519 0.353125 0.767593 0.346875 0.715741 0.342708 0.732407 0.322396 0.751852 0.283333 0.762963 0.253646 0.762963 0.229687 0.737037 0.229687 0.715741
4 0.102604 0.382407 0.102604 0.450000 0.109896 0.450000 0.113542 0.455556 0.128646 0.458333 0.129167 0.461111 0.134896 0.461111 0.135417 0.463889 0.145833 0.466667 0.146354 0.469444 0.168750 0.472222 0.169271 0.469444 0.175000 0.469444 0.175521 0.466667 0.189062 0.466667 0.189583 0.463889 0.210938 0.461111 0.214583 0.455556 0.220312 0.455556 0.222396 0.444444 0.228125 0.444444 0.228125 0.382407
4 0.277604 0.282407 0.277604 0.358333 0.283854 0.359259 0.283854 0.394444 0.296354 0.405556 0.346354 0.422222 0.444271 0.416667 0.453646 0.419444 0.457292 0.425926 0.457292 0.438889 0.496875 0.438889 0.497396 0.427778 0.515625 0.422222 0.515625 0.282407
4 0.102604 0.293519 0.102604 0.380556 0.130208 0.383333 0.130729 0.394444 0.192188 0.394444 0.192708 0.383333 0.206771 0.383333 0.207292 0.394444 0.278125 0.394444 0.278125 0.293519
4 0.058854 0.304630 0.058854 0.358333 0.090625 0.358333 0.090625 0.304630
4 0.627604 0.371296 0.627604 0.408333 0.638021 0.408333 0.672396 0.427778 0.679167 0.437037 0.666146 0.454630 0.658854 0.454630 0.641146 0.471296 0.627604 0.474074 0.627604 0.511111 0.696875 0.505556 0.713021 0.497222 0.758333 0.488889 0.789583 0.488889 0.822917 0.497222 0.846875 0.491667 0.846875 0.371296
4 0.146354 0.637963 0.146354 0.730556 0.153646 0.730556 0.158854 0.741667 0.161458 0.741667 0.165104 0.750000 0.167708 0.750000 0.169792 0.755556 0.172396 0.755556 0.179167 0.766667 0.181771 0.766667 0.182292 0.769444 0.188021 0.769444 0.188542 0.772222 0.192188 0.772222 0.192708 0.769444 0.198437 0.769444 0.198958 0.766667 0.206250 0.763889 0.209896 0.758333 0.215625 0.758333 0.215625 0.740741 0.209896 0.740741 0.209375 0.729630 0.207813 0.728704 0.209896 0.716667 0.215625 0.716667 0.215625 0.685185 0.209896 0.685185 0.207813 0.681481 0.207813 0.676852 0.203125 0.668519 0.200521 0.668519 0.200000 0.665741 0.195833 0.665741 0.195312 0.662963 0.188021 0.662963 0.187500 0.660185 0.181771 0.660185 0.181250 0.637963
4 0.215104 0.382407 0.215104 0.475000 0.220833 0.475000 0.222917 0.486111 0.226042 0.491667 0.233333 0.494444 0.233854 0.497222 0.241146 0.500000 0.241667 0.502778 0.248958 0.502778 0.249479 0.505556 0.255208 0.505556 0.255729 0.508333 0.263021 0.511111 0.263542 0.513889 0.273958 0.513889 0.274479 0.516667 0.280208 0.516667 0.280729 0.519444 0.284896 0.519444 0.285417 0.522222 0.296875 0.522222 0.296875 0.454630 0.290625 0.453704 0.291146 0.450000 0.296875 0.450000 0.296875 0.432407 0.291146 0.432407 0.289062 0.428704 0.289583 0.425000 0.296875 0.425000 0.296875 0.404630 0.284896 0.404630 0.279687 0.396296 0.270833 0.393519 0.270313 0.382407
4 0.465104 0.597222 0.472396 0.597222 0.477604 0.611111 0.497917 0.622222 0.610938 0.655556 0.612500 0.649074 0.603125 0.637037 0.601562 0.625926 0.609375 0.605556 0.612500 0.525926 0.617708 0.516667 0.668750 0.508333 0.678646 0.486111 0.692708 0.475000 0.703125 0.475000 0.703125 0.426852 0.672917 0.426852 0.669271 0.440741 0.619271 0.451852 0.539583 0.449074 0.520833 0.443519 0.517188 0.426852 0.465104 0.426852 0.465104 0.455556 0.473958 0.458333 0.483854 0.477778 0.489583 0.475000 0.499479 0.514815 0.497396 0.529630 0.480729 0.537963 0.476042 0.551852 0.476042 0.570370 0.470833 0.587963 0.465104 0.587963
