4 0.999479 0.807407 0.993750 0.803704 0.993750 0.793519 0.915104 0.793519 0.915104 0.803704 0.806771 0.857407 0.777604 0.865741 0.777604 0.911111 0.785417 0.914815 0.783854 0.950926 0.777604 0.951852 0.777604 0.999074 0.999479 0.999074
4 0.215625 0.482407 0.193229 0.482407 0.193229 0.495370 0.189583 0.504630 0.179167 0.504630 0.178646 0.507407 0.144271 0.507407 0.143750 0.504630 0.139583 0.504630 0.134375 0.496296 0.127604 0.496296 0.127604 0.616667 0.134896 0.616667 0.136979 0.622222 0.141146 0.622222 0.141667 0.625000 0.144271 0.625000 0.151042 0.633333 0.155208 0.633333 0.155729 0.636111 0.168750 0.636111 0.169271 0.633333 0.178125 0.633333 0.178646 0.630556 0.190625 0.630556 0.191146 0.627778 0.200000 0.627778 0.200521 0.625000 0.218750 0.619444 0.221875 0.613889 0.221875 0.571296 0.220312 0.570370 0.220312 0.507407 0.218750 0.506481 0.218750 0.499074 0.215625 0.495370
4 0.783854 0.304630 0.783854 0.458333 0.789583 0.458333 0.796354 0.472222 0.892708 0.494444 0.893229 0.505556 0.970313 0.505556 0.970833 0.494444 0.999479 0.488889 0.999479 0.304630
4 0.540104 0.304630 0.540104 0.333333 0.546354 0.334259 0.546354 0.375926 0.540104 0.376852 0.540104 0.422222 0.610417 0.439815 0.610417 0.450000 0.796875 0.450000 0.796875 0.304630
4 0.552604 0.537963 0.552604 0.666667 0.581250 0.663889 0.602083 0.641667 0.614583 0.641667 0.616667 0.656481 0.615104 0.719444 0.622917 0.728704 0.622917 0.738889 0.634375 0.738889 0.634375 0.728704 0.638021 0.725000 0.645312 0.725000 0.723437 0.680556 0.726562 0.672222 0.728125 0.614815 0.734375 0.613889 0.734375 0.593519 0.706771 0.585185 0.692187 0.574074 0.608333 0.554630 0.601562 0.548148 0.601562 0.537963
4 0.433854 0.315741 0.433854 0.402778 0.441146 0.402778 0.441667 0.405556 0.448958 0.405556 0.449479 0.408333 0.458333 0.408333 0.458854 0.411111 0.494271 0.413889 0.494792 0.416667 0.501042 0.417593 0.501042 0.427778 0.553125 0.427778 0.553125 0.396296 0.546875 0.395370 0.546875 0.382407 0.545312 0.381481 0.545312 0.315741
4 0.371354 0.371296 0.371354 0.419444 0.377083 0.419444 0.377604 0.422222 0.386458 0.422222 0.386979 0.425000 0.415625 0.425000 0.415625 0.371296
4 0.283854 0.349074 0.283854 0.391667 0.291146 0.391667 0.291667 0.394444 0.295833 0.394444 0.296354 0.405556 0.371875 0.405556 0.371875 0.349074
4 0.365104 0.315741 0.365104 0.363889 0.370833 0.363889 0.371354 0.366667 0.409375 0.366667 0.409896 0.363889 0.412500 0.363889 0.412500 0.362037 0.414062 0.361111 0.414062 0.315741
4 0.365104 0.260185 0.365104 0.327778 0.376563 0.327778 0.377083 0.316667 0.410938 0.316667 0.411458 0.313889 0.414062 0.313889 0.414062 0.312037 0.415625 0.311111 0.416146 0.308333 0.421875 0.308333 0.421875 0.260185
4 0.365104 0.571296 0.365104 0.683333 0.372396 0.683333 0.374479 0.688889 0.378646 0.688889 0.379167 0.691667 0.384896 0.691667 0.385417 0.694444 0.389583 0.694444 0.390104 0.697222 0.392708 0.697222 0.393229 0.700000 0.397396 0.700000 0.397917 0.702778 0.412500 0.705556 0.415625 0.700000 0.415625 0.668519 0.414062 0.667593 0.414062 0.662037 0.415625 0.661111 0.415625 0.656481 0.420312 0.650000 0.420312 0.642593 0.421875 0.641667 0.421875 0.607407 0.420312 0.606481 0.420312 0.593519 0.418750 0.592593 0.418750 0.571296
4 0.208854 0.271296 0.208854 0.377778 0.217708 0.377778 0.218229 0.380556 0.234896 0.380556 0.235417 0.383333 0.245833 0.383333 0.246354 0.386111 0.253646 0.386111 0.254167 0.388889 0.284375 0.388889 0.284896 0.386111 0.290625 0.386111 0.290625 0.271296
4 0.452604 0.794444 0.470833 0.788889 0.476042 0.795370 0.476042 0.805556 0.489063 0.805556 0.491146 0.788889 0.506250 0.786111 0.539583 0.763889 0.610938 0.730556 0.615625 0.719444 0.615625 0.706481 0.621875 0.705556 0.621875 0.657407 0.615625 0.656481 0.610938 0.635185 0.598958 0.629630 0.596875 0.615741 0.482292 0.615741 0.481771 0.626852 0.452604 0.635185 0.463021 0.641667 0.468229 0.652778 0.501042 0.672222 0.512500 0.672222 0.514583 0.666667 0.535417 0.670370 0.513542 0.690741 0.503646 0.712963 0.496354 0.712963 0.480729 0.726852 0.479167 0.741667 0.488021 0.744444 0.499479 0.762037 0.495833 0.776852 0.484896 0.779630 0.463542 0.762963 0.463021 0.768519 0.452604 0.771296
4 0.283854 0.361111 0.307812 0.361111 0.308333 0.350000 0.312500 0.350000 0.313021 0.347222 0.317188 0.347222 0.317708 0.344444 0.320312 0.344444 0.320833 0.341667 0.325000 0.341667 0.325521 0.338889 0.328125 0.338889 0.328646 0.336111 0.339062 0.336111 0.339583 0.333333 0.346875 0.333333 0.346875 0.293519 0.291667 0.293519 0.291667 0.306481 0.283854 0.307407
4 0.283854 0.361111 0.307812 0.361111 0.308333 0.350000 0.312500 0.350000 0.313021 0.347222 0.317188 0.347222 0.317708 0.344444 0.320312 0.344444 0.320833 0.341667 0.323437 0.341667 0.323958 0.338889 0.328125 0.338889 0.328646 0.336111 0.335938 0.336111 0.336458 0.333333 0.347396 0.333333 0.347917 0.336111 0.352083 0.336111 0.352604 0.338889 0.355208 0.338889 0.355729 0.341667 0.360938 0.341667 0.360938 0.339815 0.362500 0.338889 0.362500 0.334259 0.364063 0.333333 0.364063 0.317593 0.365625 0.316667 0.365625 0.293519 0.291667 0.293519 0.291667 0.306481 0.290104 0.307407 0.289583 0.310185 0.283854 0.310185
4 0.452604 0.604630 0.452604 0.644444 0.464583 0.641667 0.469792 0.652778 0.475521 0.652778 0.483854 0.663889 0.494271 0.666667 0.501042 0.675000 0.515625 0.675000 0.522396 0.669444 0.594271 0.669444 0.594792 0.673148 0.586458 0.685185 0.572917 0.696296 0.566146 0.712963 0.558854 0.712963 0.557292 0.727778 0.615625 0.727778 0.615625 0.674074 0.612500 0.664815 0.615625 0.635185 0.612500 0.629630 0.572396 0.615741 0.571875 0.604630 0.522917 0.604630 0.522917 0.614815 0.519271 0.618519 0.488021 0.626852 0.479687 0.623148 0.479687 0.604630
4 0.215104 0.449074 0.215104 0.511111 0.242708 0.516667 0.243229 0.527778 0.257812 0.527778 0.257812 0.517593 0.260937 0.516667 0.261458 0.513889 0.275000 0.511111 0.275521 0.508333 0.282813 0.508333 0.283333 0.505556 0.295312 0.502778 0.295833 0.500000 0.304688 0.500000 0.305208 0.497222 0.327083 0.497222 0.327604 0.500000 0.329688 0.500000 0.330208 0.497222 0.340625 0.497222 0.340625 0.490741 0.322396 0.490741 0.321875 0.485185 0.320312 0.484259 0.321875 0.471296 0.319271 0.471296 0.314063 0.462963 0.310937 0.462037 0.310937 0.449074
4 0.283854 0.307407 0.283854 0.361111 0.309375 0.361111 0.309375 0.350926 0.309896 0.350000 0.312500 0.350000 0.313021 0.347222 0.321875 0.347222 0.321875 0.293519 0.291667 0.293519 0.291667 0.303704 0.290104 0.304630 0.289583 0.307407
4 0.446354 0.560185 0.446354 0.647222 0.454688 0.647222 0.455208 0.644444 0.464062 0.644444 0.464062 0.642593 0.465625 0.641667 0.466146 0.638889 0.468750 0.638889 0.468750 0.637037 0.470313 0.636111 0.470833 0.633333 0.475000 0.633333 0.475521 0.630556 0.484375 0.630556 0.484375 0.574074 0.477083 0.574074 0.476562 0.571296 0.475000 0.570370 0.475000 0.560185
