4 0.696354 0.382407 0.696354 0.500000 0.710417 0.508333 0.841667 0.536111 0.904687 0.536111 0.909896 0.511111 0.911979 0.550000 0.921875 0.550000 0.921875 0.446296 0.913021 0.446296 0.910937 0.439815 0.914062 0.406481 0.921875 0.405556 0.921875 0.382407
4 0.221354 0.493519 0.221354 0.627778 0.227604 0.628704 0.227604 0.636111 0.229167 0.637037 0.229167 0.641667 0.230729 0.642593 0.232292 0.650000 0.238021 0.650000 0.238542 0.652778 0.242708 0.652778 0.246354 0.658333 0.253646 0.661111 0.254167 0.672222 0.278125 0.672222 0.278125 0.615741 0.271875 0.614815 0.271875 0.599074 0.270313 0.598148 0.270313 0.507407 0.268750 0.506481 0.268750 0.493519
4 0.096354 0.349074 0.096354 0.405556 0.111458 0.405556 0.111979 0.406481 0.111979 0.416667 0.118750 0.416667 0.118750 0.406481 0.119271 0.405556 0.128125 0.405556 0.128125 0.349074
4 0.908854 0.437963 0.908854 0.541667 0.916146 0.541667 0.916667 0.544444 0.923958 0.544444 0.924479 0.547222 0.933333 0.547222 0.933854 0.550000 0.941146 0.550000 0.941667 0.552778 0.952083 0.552778 0.952604 0.555556 0.999479 0.558333 0.999479 0.437963
4 0.503125 0.604630 0.460417 0.604630 0.459896 0.618519 0.433333 0.640741 0.415104 0.643519 0.392708 0.654630 0.375521 0.651852 0.368750 0.640741 0.360938 0.637037 0.369271 0.630556 0.379688 0.630556 0.379688 0.615741 0.376042 0.615741 0.372396 0.624074 0.363542 0.621296 0.348958 0.626852 0.327604 0.626852 0.327604 0.694444 0.333333 0.694444 0.340104 0.708333 0.347396 0.711111 0.355729 0.722222 0.388542 0.741667 0.398438 0.741667 0.431771 0.725000 0.445833 0.730556 0.451042 0.738889 0.464583 0.747222 0.466667 0.761111 0.487500 0.761111 0.487500 0.678704 0.492708 0.663889 0.503125 0.661111
4 0.577604 0.404630 0.577604 0.488889 0.584896 0.488889 0.588542 0.494444 0.598958 0.494444 0.607292 0.502778 0.611458 0.502778 0.613542 0.506481 0.613542 0.516667 0.628125 0.516667 0.628646 0.505556 0.645312 0.505556 0.645833 0.502778 0.673958 0.505556 0.674479 0.516667 0.690625 0.516667 0.691146 0.505556 0.697396 0.500000 0.703125 0.500000 0.703125 0.404630
4 0.002604 0.293519 0.002604 0.388889 0.013021 0.388889 0.013542 0.391667 0.017188 0.391667 0.017708 0.388889 0.028125 0.388889 0.028125 0.293519
4 0.433854 0.393519 0.433854 0.455556 0.441146 0.455556 0.446354 0.463889 0.550521 0.480556 0.554167 0.484259 0.554167 0.494444 0.590625 0.494444 0.590625 0.412963 0.570833 0.410185 0.570312 0.407407 0.545833 0.407407 0.545312 0.404630 0.539062 0.403704 0.539062 0.393519
4 0.033854 0.349074 0.033854 0.405556 0.092188 0.405556 0.092188 0.395370 0.095312 0.394444 0.095312 0.392593 0.096875 0.391667 0.097396 0.386111 0.103125 0.386111 0.103125 0.379630 0.096875 0.378704 0.096875 0.364815 0.103125 0.363889 0.103125 0.349074
4 0.258854 0.282407 0.258854 0.300000 0.264583 0.300000 0.268229 0.344444 0.302083 0.341667 0.311979 0.348148 0.291146 0.376852 0.269792 0.376852 0.265104 0.400926 0.258854 0.401852 0.258854 0.430556 0.326042 0.450000 0.425000 0.444444 0.431250 0.438889 0.434375 0.406481 0.439583 0.397222 0.460938 0.394444 0.470833 0.383333 0.503125 0.391667 0.503125 0.282407
4 0.121354 0.307407 0.121354 0.361111 0.198437 0.361111 0.198437 0.350926 0.203125 0.350000 0.203646 0.347222 0.212500 0.347222 0.213021 0.344444 0.217708 0.344444 0.218229 0.347222 0.240625 0.347222 0.240625 0.293519 0.157292 0.293519 0.157292 0.303704 0.151042 0.304630 0.150521 0.307407
4 0.000000 0.393519 0.000000 0.547222 0.006771 0.547222 0.010417 0.552778 0.014583 0.552778 0.018229 0.558333 0.028646 0.561111 0.029167 0.563889 0.038021 0.563889 0.038542 0.566667 0.053125 0.566667 0.053125 0.504630 0.047396 0.504630 0.045312 0.500926 0.043750 0.487963 0.040625 0.481481 0.042188 0.480556 0.042188 0.448148 0.043750 0.447222 0.043750 0.415741 0.042188 0.414815 0.042188 0.393519
