2 0.374233 0.295067 0.493824 0.292262 0.502974 0.320871 0.502974 0.328164 0.373918 0.331530
2 0.374296 0.201947 0.493887 0.199142 0.501144 0.224386 0.498620 0.236166 0.373981 0.238410
2 0.508023 0.103217 0.627929 0.093681 0.628876 0.130144 0.508023 0.140241
2 0.506524 0.196758 0.629586 0.188344 0.629270 0.226489 0.506524 0.237148
2 0.508733 0.290299 0.631794 0.283006 0.631479 0.321152 0.508733 0.331810
2 0.636528 0.286653 0.762113 0.281604 0.762745 0.319189 0.636528 0.323676
2 0.639762 0.190307 0.765348 0.185258 0.765979 0.222843 0.634082 0.230135 0.633767 0.204191
2 0.637648 0.098197 0.763234 0.093148 0.763865 0.130733 0.631968 0.138025 0.631652 0.112081
2 0.798890 0.274339 0.924476 0.269291 0.925107 0.306875 0.768112 0.317247 0.767967 0.290467
2 0.500276 0.556588 0.624427 0.550586 0.624837 0.588732 0.501002 0.594874
2 0.501547 0.648355 0.625697 0.642353 0.626107 0.680498 0.502272 0.686641
2 0.373815 0.650936 0.497965 0.644933 0.498375 0.683079 0.374541 0.689221
2 0.370549 0.558040 0.494699 0.552038 0.495109 0.590183 0.371275 0.596326
0 0.867084 0.469711 0.972915 0.476199 0.999190 0.476199 0.998460 0.740898 0.964259 0.740898 0.963529 0.691780 0.867188 0.633574
