4 0.184375 0.560185 0.140104 0.560185 0.139583 0.571296 0.119792 0.574074 0.119271 0.576852 0.093229 0.576852 0.092708 0.579630 0.076042 0.579630 0.075521 0.582407 0.055208 0.582407 0.054688 0.579630 0.051042 0.579630 0.049479 0.592593 0.047917 0.593519 0.046354 0.614815 0.040104 0.615741 0.040104 0.655556 0.117708 0.655556 0.118229 0.658333 0.134375 0.655556 0.140625 0.650000 0.142708 0.644444 0.145313 0.644444 0.148958 0.636111 0.161458 0.625000 0.173437 0.622222 0.176563 0.616667 0.178125 0.587037 0.184375 0.586111
4 0.000000 0.437963 0.000000 0.588889 0.004687 0.588889 0.005208 0.586111 0.018750 0.586111 0.019271 0.583333 0.039062 0.583333 0.039583 0.580556 0.042188 0.580556 0.043750 0.577778 0.043750 0.478704 0.045312 0.477778 0.045312 0.451852 0.043750 0.450926 0.043750 0.437963
4 0.221354 0.404630 0.221354 0.491667 0.252083 0.491667 0.257292 0.503704 0.257292 0.522222 0.265104 0.539815 0.265104 0.563889 0.269792 0.572222 0.295312 0.569444 0.303646 0.561111 0.312500 0.558333 0.318750 0.550000 0.318750 0.542593 0.320312 0.541667 0.320312 0.404630
4 0.933854 0.415741 0.933854 0.513889 0.953646 0.513889 0.954167 0.516667 0.966146 0.516667 0.966667 0.519444 0.980208 0.519444 0.980729 0.522222 0.999479 0.522222 0.999479 0.415741
4 0.321354 0.437963 0.321354 0.505556 0.340625 0.505556 0.341146 0.494444 0.354687 0.494444 0.355208 0.491667 0.360938 0.491667 0.361458 0.488889 0.364063 0.488889 0.366146 0.483333 0.368750 0.483333 0.368750 0.481481 0.370312 0.480556 0.372396 0.475000 0.376563 0.475000 0.377083 0.472222 0.390625 0.472222 0.390625 0.437963
4 0.365104 0.471296 0.365104 0.533333 0.371875 0.533333 0.372396 0.530556 0.378125 0.530556 0.378646 0.527778 0.381250 0.527778 0.381771 0.525000 0.387500 0.525000 0.388021 0.522222 0.392188 0.522222 0.392708 0.519444 0.395313 0.519444 0.395833 0.516667 0.403125 0.516667 0.403125 0.471296
4 0.043750 0.571296 0.021354 0.571296 0.020833 0.582407 0.016667 0.582407 0.016146 0.585185 0.002604 0.585185 0.002604 0.691667 0.010937 0.691667 0.011458 0.688889 0.014063 0.688889 0.014583 0.683333 0.017188 0.683333 0.017708 0.680556 0.023438 0.680556 0.023958 0.677778 0.026562 0.677778 0.027083 0.675000 0.029687 0.675000 0.030208 0.672222 0.034375 0.672222 0.034896 0.669444 0.037500 0.669444 0.038021 0.666667 0.040625 0.666667 0.040625 0.664815 0.043750 0.661111 0.043750 0.603704 0.045312 0.602778 0.045312 0.585185 0.043750 0.584259
4 0.321354 0.482407 0.321354 0.550000 0.356250 0.550000 0.356250 0.539815 0.359375 0.538889 0.359896 0.536111 0.365625 0.536111 0.366146 0.533333 0.371875 0.533333 0.372396 0.530556 0.376563 0.530556 0.377083 0.527778 0.381250 0.527778 0.381771 0.525000 0.385937 0.525000 0.386458 0.522222 0.396875 0.522222 0.396875 0.482407
4 0.396354 0.382407 0.396354 0.486111 0.408333 0.486111 0.408854 0.488889 0.414583 0.491667 0.415104 0.497222 0.418229 0.502778 0.434375 0.502778 0.434896 0.500000 0.439063 0.500000 0.439583 0.497222 0.446875 0.497222 0.447396 0.494444 0.451562 0.494444 0.452083 0.491667 0.465625 0.491667 0.465625 0.401852 0.458333 0.401852 0.457813 0.399074 0.453646 0.399074 0.450000 0.392593 0.450000 0.382407
4 0.228125 0.682407 0.197917 0.682407 0.197396 0.693519 0.184896 0.704630 0.126042 0.726852 0.072917 0.768519 0.064583 0.785185 0.045833 0.787963 0.028125 0.779630 0.000000 0.785185 0.000000 0.999074 0.117188 0.999074 0.129688 0.972222 0.132812 0.937037 0.144271 0.911111 0.152604 0.917593 0.158854 0.939815 0.141667 0.979630 0.141667 0.991667 0.146354 0.999074 0.176563 0.991667 0.195312 0.961111 0.210938 0.919444 0.203125 0.895370 0.215625 0.891667 0.218750 0.883333 0.218750 0.840741 0.209375 0.778704 0.220312 0.758333 0.222396 0.713889 0.228125 0.713889
