4 0.771354 0.726852 0.771354 0.966667 0.778646 0.966667 0.798958 0.991667 0.801042 0.999074 0.909375 0.999074 0.909375 0.807407 0.890104 0.801852 0.886979 0.810185 0.884896 0.843519 0.882812 0.839815 0.882812 0.799074 0.878125 0.776852 0.808333 0.740741 0.806250 0.726852
4 0.708854 0.515741 0.708854 0.602778 0.794271 0.627778 0.807292 0.638889 0.834896 0.650000 0.846354 0.662037 0.846354 0.672222 0.876563 0.672222 0.878125 0.628704 0.884375 0.627778 0.884375 0.568519 0.878646 0.568519 0.871875 0.560185 0.842708 0.562963 0.836458 0.560185 0.832812 0.550926 0.844271 0.538889 0.854688 0.538889 0.865625 0.530556 0.867188 0.515741
4 0.502604 0.715741 0.502604 0.750000 0.509896 0.750000 0.576042 0.825000 0.594792 0.838889 0.611458 0.827778 0.642708 0.850000 0.644271 0.862963 0.622917 0.872222 0.668229 0.919444 0.682813 0.922222 0.682813 0.912963 0.670312 0.895370 0.670833 0.880556 0.736979 0.941667 0.757812 0.944444 0.778125 0.936111 0.778125 0.849074 0.771875 0.848148 0.778125 0.847222 0.778125 0.785185 0.771875 0.784259 0.778125 0.783333 0.778125 0.729630 0.767188 0.723148 0.768750 0.693519 0.757812 0.679630 0.713021 0.668519 0.704688 0.659259 0.704688 0.649074 0.558854 0.649074 0.558854 0.659259 0.540104 0.682407 0.538021 0.704630
4 0.571354 0.504630 0.571354 0.563889 0.577083 0.563889 0.582292 0.569444 0.591146 0.569444 0.591667 0.572222 0.600521 0.572222 0.601042 0.575000 0.606771 0.575000 0.611979 0.580556 0.630208 0.580556 0.630729 0.583333 0.639583 0.583333 0.640104 0.586111 0.648958 0.586111 0.649479 0.588889 0.715625 0.586111 0.715625 0.518519 0.709375 0.517593 0.709375 0.504630
4 0.402604 0.482407 0.402604 0.519444 0.411458 0.519444 0.411979 0.522222 0.420833 0.522222 0.421354 0.525000 0.431771 0.525000 0.432292 0.527778 0.438021 0.527778 0.438542 0.538889 0.471875 0.538889 0.471875 0.499074 0.466146 0.499074 0.465625 0.496296 0.463021 0.496296 0.462500 0.482407
4 0.496354 0.504630 0.496354 0.547222 0.503646 0.547222 0.504167 0.550000 0.508333 0.550000 0.508854 0.561111 0.578125 0.561111 0.578125 0.546296 0.571875 0.545370 0.571875 0.517593 0.578125 0.516667 0.578125 0.504630
4 0.496354 0.437963 0.496354 0.502778 0.535937 0.502778 0.536458 0.500000 0.550000 0.500000 0.550521 0.497222 0.609375 0.502778 0.609375 0.437963
4 0.883854 0.537963 0.883854 0.580556 0.889583 0.580556 0.891667 0.584259 0.891667 0.597222 0.897917 0.612037 0.897917 0.617593 0.894271 0.621296 0.883854 0.624074 0.883854 0.675000 0.911458 0.675000 0.911979 0.677778 0.923958 0.677778 0.924479 0.680556 0.939583 0.680556 0.957292 0.691667 0.966146 0.691667 0.971354 0.697222 0.977083 0.697222 0.982292 0.702778 0.999479 0.705556 0.999479 0.537963
4 0.458854 0.449074 0.458854 0.494444 0.490625 0.494444 0.490625 0.449074
4 0.458854 0.482407 0.458854 0.538889 0.490625 0.538889 0.490625 0.482407
4 0.402604 0.515741 0.402604 0.613889 0.408854 0.614815 0.411979 0.633333 0.425521 0.636111 0.427604 0.639815 0.426042 0.661111 0.430729 0.672222 0.441146 0.677778 0.452604 0.694444 0.464583 0.702778 0.474479 0.719444 0.486979 0.730556 0.491146 0.730556 0.500521 0.738889 0.502604 0.744444 0.509375 0.744444 0.509375 0.660185 0.503646 0.660185 0.498437 0.645370 0.498437 0.612037 0.500000 0.611111 0.500000 0.587037 0.501563 0.586111 0.500000 0.549074 0.492188 0.537963 0.466146 0.537963 0.459375 0.529630 0.445833 0.526852 0.445312 0.515741
