4 0.414062 0.760185 0.393229 0.760185 0.393229 0.773148 0.377604 0.790741 0.358333 0.821296 0.347396 0.826852 0.284896 0.818519 0.278125 0.806481 0.281250 0.797222 0.279687 0.787963 0.265104 0.796296 0.258333 0.807407 0.246354 0.810185 0.246354 0.999074 0.384375 0.997222 0.410938 0.944444 0.415625 0.927778 0.415625 0.848148 0.421875 0.847222 0.421875 0.829630 0.415625 0.828704 0.415625 0.812037 0.421875 0.811111 0.421875 0.787963 0.415625 0.787037
4 0.053125 0.549074 0.010417 0.549074 0.009896 0.560185 0.002604 0.560185 0.002604 0.688889 0.010937 0.688889 0.011458 0.686111 0.015625 0.686111 0.016146 0.683333 0.031250 0.680556 0.031771 0.677778 0.034375 0.677778 0.034896 0.675000 0.039062 0.675000 0.039583 0.672222 0.042188 0.672222 0.047396 0.661111 0.053125 0.661111 0.053125 0.637963 0.046875 0.637037 0.046875 0.620370 0.053125 0.619444
4 0.052604 0.554630 0.052604 0.586111 0.058333 0.586111 0.060417 0.589815 0.060417 0.598148 0.058333 0.601852 0.052604 0.601852 0.052604 0.661111 0.093750 0.661111 0.094271 0.650000 0.125000 0.644444 0.141146 0.636111 0.157812 0.633333 0.164583 0.627778 0.173437 0.627778 0.188021 0.616667 0.196875 0.616667 0.196875 0.612963 0.191146 0.612963 0.189062 0.609259 0.189062 0.599074 0.185938 0.587037 0.189062 0.572222 0.189062 0.559259 0.191146 0.555556 0.196875 0.555556 0.196875 0.537963 0.069792 0.537963 0.069792 0.548148 0.067708 0.551852
4 0.000000 0.882407 0.000000 0.999074 0.154688 0.997222 0.156250 0.991667 0.157812 0.917593 0.159896 0.908333 0.165625 0.908333 0.165625 0.901852 0.159375 0.900926 0.157812 0.882407 0.107292 0.882407 0.107292 0.912037 0.098958 0.929630 0.084896 0.943519 0.045833 0.943519 0.042188 0.937037 0.043750 0.882407
4 0.290104 0.426852 0.290104 0.555556 0.317188 0.561111 0.317708 0.558333 0.346875 0.558333 0.347396 0.555556 0.357812 0.555556 0.358333 0.552778 0.367188 0.552778 0.367708 0.550000 0.371875 0.550000 0.371875 0.545370 0.376563 0.536111 0.376563 0.512963 0.375000 0.512037 0.376563 0.426852
4 0.183854 0.560185 0.183854 0.627778 0.215625 0.627778 0.215625 0.617593 0.217188 0.616667 0.217708 0.613889 0.225000 0.613889 0.225521 0.611111 0.235937 0.611111 0.236458 0.608333 0.243750 0.608333 0.244271 0.605556 0.248438 0.605556 0.248958 0.602778 0.251563 0.602778 0.252083 0.600000 0.254688 0.600000 0.255208 0.597222 0.257812 0.597222 0.257812 0.560185
4 0.183854 0.504630 0.183854 0.558333 0.189583 0.558333 0.190104 0.561111 0.191667 0.562037 0.191667 0.572222 0.210938 0.572222 0.211458 0.561111 0.218750 0.561111 0.219271 0.558333 0.229687 0.558333 0.230208 0.555556 0.235937 0.555556 0.236458 0.552778 0.242188 0.552778 0.242708 0.550000 0.246875 0.550000 0.247396 0.547222 0.250000 0.547222 0.250521 0.544444 0.253125 0.544444 0.253125 0.542593 0.254688 0.541667 0.254688 0.524074 0.253125 0.523148 0.253125 0.504630
4 0.183854 0.516667 0.214062 0.516667 0.214583 0.505556 0.218750 0.505556 0.219271 0.502778 0.229687 0.502778 0.230208 0.500000 0.237500 0.500000 0.238021 0.497222 0.245312 0.497222 0.245833 0.494444 0.248438 0.494444 0.248438 0.481481 0.250000 0.480556 0.250000 0.470370 0.251563 0.469444 0.251563 0.464815 0.253125 0.463889 0.253125 0.449074 0.183854 0.449074
4 0.508854 0.449074 0.508854 0.505556 0.525000 0.505556 0.525000 0.495370 0.525521 0.494444 0.529687 0.494444 0.530208 0.491667 0.539062 0.491667 0.539583 0.488889 0.553125 0.488889 0.553125 0.449074
4 0.371354 0.482407 0.371354 0.550000 0.400000 0.550000 0.400521 0.538889 0.403125 0.538889 0.403646 0.536111 0.409375 0.536111 0.409896 0.533333 0.415625 0.533333 0.415625 0.482407
4 0.921354 0.449074 0.921354 0.583333 0.927083 0.583333 0.927604 0.586111 0.934896 0.588889 0.941667 0.597222 0.950521 0.600000 0.963542 0.613889 0.967708 0.613889 0.977604 0.625000 0.981771 0.625000 0.988542 0.633333 0.992708 0.633333 0.994792 0.638889 0.999479 0.638889 0.999479 0.449074
