4 0.190104 0.360185 0.190104 0.444444 0.200521 0.444444 0.201042 0.447222 0.211458 0.447222 0.211979 0.450000 0.232813 0.450000 0.233333 0.447222 0.240625 0.447222 0.240625 0.410185 0.234375 0.409259 0.234375 0.390741 0.232813 0.389815 0.232813 0.360185
4 0.511979 0.552778 0.521354 0.566667 0.665104 0.622222 0.739062 0.636111 0.808333 0.580556 0.948438 0.494444 0.958333 0.475000 0.965625 0.475000 0.965625 0.404630 0.959375 0.403704 0.957812 0.382407 0.801042 0.382407 0.792708 0.401852 0.780208 0.396296 0.778125 0.382407 0.652604 0.382407 0.652604 0.392593 0.519792 0.412963 0.516667 0.450000 0.521354 0.495370 0.513542 0.512963
4 0.402604 0.415741 0.402604 0.505556 0.423958 0.511111 0.430729 0.519444 0.434896 0.519444 0.435417 0.522222 0.448958 0.527778 0.452604 0.533333 0.456771 0.533333 0.460417 0.538889 0.464583 0.538889 0.476042 0.550926 0.476042 0.561111 0.504687 0.561111 0.504687 0.550926 0.507812 0.544444 0.507812 0.487037 0.509375 0.486111 0.509375 0.449074 0.506250 0.439815 0.506250 0.415741
4 0.102604 0.349074 0.102604 0.422222 0.130208 0.425000 0.130729 0.427778 0.135417 0.428704 0.135417 0.438889 0.157812 0.438889 0.157812 0.428704 0.162500 0.427778 0.163021 0.425000 0.178125 0.425000 0.178646 0.422222 0.190625 0.422222 0.190625 0.349074
4 0.277604 0.549074 0.277604 0.625000 0.294271 0.627778 0.302604 0.638889 0.306771 0.638889 0.316667 0.650000 0.325521 0.652778 0.332292 0.661111 0.336458 0.661111 0.352083 0.675000 0.365104 0.697222 0.370833 0.700000 0.374479 0.706481 0.374479 0.716667 0.409375 0.716667 0.409375 0.662963 0.403125 0.662037 0.401562 0.610185 0.400000 0.609259 0.398438 0.593519 0.393750 0.585185 0.371875 0.571296 0.333333 0.565741 0.325000 0.559259 0.325000 0.549074
4 0.402604 0.626852 0.402604 0.775000 0.408854 0.775926 0.408854 0.825926 0.402604 0.826852 0.402604 0.858333 0.408333 0.858333 0.411979 0.870370 0.413542 0.900000 0.488021 0.980556 0.496354 0.999074 0.557813 0.999074 0.557813 0.879630 0.553125 0.853704 0.551562 0.781481 0.554167 0.778704 0.557292 0.841667 0.565625 0.841667 0.565625 0.643519 0.551042 0.646296 0.545833 0.696296 0.542188 0.687963 0.514583 0.690741 0.506250 0.676852 0.434896 0.640741 0.432812 0.626852
4 0.227604 0.371296 0.227604 0.452778 0.233333 0.452778 0.235417 0.458333 0.245833 0.461111 0.246354 0.463889 0.253646 0.463889 0.254167 0.466667 0.272396 0.472222 0.272917 0.483333 0.303125 0.483333 0.303646 0.472222 0.346875 0.461111 0.346875 0.440741 0.340625 0.439815 0.340625 0.387963 0.337500 0.384259 0.337500 0.371296
4 0.140104 0.571296 0.140104 0.641667 0.147396 0.641667 0.149479 0.647222 0.152083 0.647222 0.152604 0.650000 0.155208 0.650000 0.157292 0.655556 0.161458 0.655556 0.161979 0.658333 0.164583 0.658333 0.165104 0.661111 0.167708 0.661111 0.168229 0.672222 0.175000 0.672222 0.175000 0.662037 0.178125 0.661111 0.178125 0.659259 0.181250 0.655556 0.181250 0.650926 0.182812 0.650000 0.182812 0.609259 0.184375 0.608333 0.184375 0.593519 0.182812 0.592593 0.182812 0.587963 0.181771 0.587963 0.179688 0.582407 0.176563 0.581481 0.176563 0.571296
4 0.286979 0.715741 0.285417 0.786111 0.288021 0.786111 0.291667 0.794444 0.298958 0.797222 0.311458 0.808333 0.313542 0.813889 0.322396 0.819444 0.324479 0.825000 0.336458 0.836111 0.340104 0.844444 0.342708 0.844444 0.347917 0.855556 0.377604 0.884259 0.377604 0.894444 0.390625 0.894444 0.391146 0.880556 0.403125 0.872222 0.409375 0.861111 0.409896 0.852778 0.415625 0.852778 0.415625 0.843519 0.409375 0.842593 0.409375 0.810185 0.407813 0.809259 0.407813 0.793519 0.404687 0.782407 0.390104 0.782407 0.389583 0.785185 0.366146 0.782407 0.356771 0.774074 0.354687 0.768519 0.345833 0.762963 0.329688 0.735185 0.320833 0.732407 0.318750 0.728704 0.318750 0.715741
4 0.133854 0.604630 0.135417 0.630556 0.144792 0.650000 0.177604 0.670370 0.179167 0.697222 0.185417 0.703704 0.185417 0.709259 0.175521 0.710185 0.171875 0.696296 0.165104 0.696296 0.163542 0.705556 0.169271 0.708333 0.171354 0.716667 0.180208 0.719444 0.182292 0.727778 0.188021 0.730556 0.193229 0.741667 0.209896 0.752778 0.215104 0.761111 0.218750 0.761111 0.218750 0.750926 0.223958 0.747222 0.244271 0.758333 0.261979 0.775000 0.271875 0.777778 0.278646 0.769444 0.284375 0.769444 0.284375 0.621296 0.276562 0.617593 0.276562 0.604630 0.263542 0.604630 0.263021 0.626852 0.234896 0.640741 0.219271 0.640741 0.206250 0.625926 0.206250 0.604630
4 0.340104 0.488889 0.381771 0.497222 0.400521 0.505556 0.401042 0.516667 0.414062 0.516667 0.409375 0.462037 0.409375 0.437037 0.413021 0.427778 0.496875 0.427778 0.496875 0.371296 0.443229 0.371296 0.443229 0.381481 0.436458 0.385185 0.414583 0.385185 0.412500 0.371296 0.340104 0.371296
4 0.227604 0.282407 0.227604 0.366667 0.233333 0.366667 0.240104 0.375000 0.253646 0.375000 0.254167 0.377778 0.322396 0.375000 0.330729 0.380556 0.359375 0.380556 0.359896 0.377778 0.371875 0.377778 0.372396 0.375000 0.382812 0.375000 0.383333 0.372222 0.396875 0.372222 0.396875 0.282407
4 0.102604 0.293519 0.102604 0.358333 0.116146 0.358333 0.116667 0.361111 0.144271 0.361111 0.144792 0.372222 0.154688 0.372222 0.155208 0.361111 0.165625 0.361111 0.166146 0.358333 0.192708 0.358333 0.193229 0.361111 0.196354 0.362037 0.196354 0.372222 0.209375 0.372222 0.209375 0.293519
4 0.215104 0.637963 0.215104 0.733333 0.220833 0.733333 0.226042 0.744444 0.234896 0.750000 0.236979 0.755556 0.244271 0.758333 0.244792 0.761111 0.247396 0.761111 0.247917 0.763889 0.256771 0.769444 0.258854 0.773148 0.258854 0.783333 0.276562 0.783333 0.276562 0.773148 0.278646 0.769444 0.284375 0.769444 0.284375 0.637963
