4 0.796354 0.393519 0.796354 0.472222 0.812500 0.472222 0.813021 0.461111 0.850000 0.461111 0.850521 0.458333 0.865625 0.458333 0.865625 0.456481 0.867188 0.455556 0.867188 0.450926 0.868750 0.450000 0.868750 0.393519
4 0.783854 0.737963 0.783854 0.861111 0.789583 0.861111 0.790104 0.863889 0.792708 0.863889 0.793229 0.866667 0.795833 0.866667 0.818229 0.888889 0.830208 0.894444 0.836979 0.902778 0.841146 0.902778 0.841667 0.905556 0.855208 0.905556 0.855729 0.916667 0.871875 0.916667 0.871875 0.737963
4 0.796354 0.515741 0.796354 0.569444 0.808333 0.569444 0.808854 0.572222 0.816146 0.572222 0.816667 0.575000 0.820833 0.575000 0.821354 0.577778 0.827083 0.577778 0.827604 0.580556 0.871875 0.580556 0.871875 0.515741
4 0.902604 0.460185 0.902604 0.563889 0.913021 0.563889 0.913542 0.566667 0.931771 0.569444 0.932292 0.572222 0.948958 0.572222 0.949479 0.575000 0.963021 0.575000 0.963542 0.577778 0.978646 0.577778 0.979167 0.580556 0.999479 0.580556 0.999479 0.460185
4 0.796354 0.460185 0.796354 0.516667 0.856250 0.516667 0.856771 0.513889 0.871875 0.513889 0.871875 0.471296 0.866146 0.471296 0.865625 0.460185
4 0.596354 0.471296 0.596354 0.516667 0.602083 0.516667 0.602604 0.519444 0.605208 0.519444 0.605729 0.522222 0.611458 0.522222 0.611979 0.525000 0.628646 0.525000 0.629167 0.527778 0.632292 0.528704 0.632292 0.538889 0.676562 0.538889 0.676562 0.528704 0.678125 0.527778 0.678125 0.485185 0.676562 0.484259 0.676562 0.471296
4 0.508854 0.604630 0.508854 0.736111 0.514583 0.736111 0.524479 0.750000 0.527083 0.750000 0.529167 0.755556 0.539583 0.761111 0.540104 0.772222 0.560937 0.772222 0.561458 0.761111 0.590625 0.755556 0.591146 0.752778 0.595313 0.752778 0.597396 0.744444 0.603125 0.744444 0.603125 0.724074 0.596875 0.723148 0.596875 0.687963 0.595313 0.687037 0.596875 0.637963 0.595313 0.632407 0.586458 0.629630 0.581250 0.624074 0.571354 0.624074 0.567708 0.637963 0.544271 0.637963 0.540625 0.625926 0.545312 0.619444 0.545312 0.604630
4 0.721354 0.660185 0.721354 0.800000 0.728646 0.800000 0.732292 0.808333 0.767708 0.838889 0.768229 0.850000 0.782813 0.850000 0.782813 0.823148 0.784375 0.822222 0.782813 0.767593 0.784375 0.766667 0.784375 0.753704 0.791146 0.744444 0.828125 0.738889 0.828125 0.690741 0.780208 0.685185 0.778125 0.681481 0.781250 0.675000 0.781250 0.660185
4 0.640104 0.660185 0.640104 0.727778 0.647396 0.727778 0.649479 0.733333 0.653646 0.733333 0.654167 0.736111 0.656771 0.736111 0.657292 0.738889 0.659896 0.738889 0.660417 0.741667 0.663021 0.741667 0.663542 0.744444 0.669271 0.744444 0.669792 0.747222 0.672396 0.747222 0.674479 0.750926 0.674479 0.761111 0.692187 0.761111 0.692187 0.750926 0.693750 0.750000 0.693750 0.745370 0.695312 0.744444 0.695312 0.734259 0.696875 0.733333 0.696875 0.717593 0.703125 0.716667 0.703125 0.690741 0.695833 0.690741 0.695312 0.687963 0.692708 0.687963 0.692187 0.685185 0.670833 0.685185 0.668750 0.681481 0.672396 0.675000 0.675000 0.675000 0.676562 0.672222 0.676562 0.660185
4 0.677604 0.504630 0.677604 0.533333 0.694271 0.536111 0.696354 0.539815 0.696354 0.550000 0.796875 0.550000 0.796875 0.493519 0.685417 0.493519 0.684896 0.504630
4 0.596354 0.426852 0.596354 0.461111 0.606771 0.461111 0.607292 0.463889 0.609896 0.463889 0.610417 0.466667 0.614583 0.466667 0.615104 0.469444 0.617708 0.469444 0.619792 0.475000 0.632812 0.475000 0.633333 0.472222 0.651563 0.472222 0.652083 0.469444 0.664062 0.469444 0.664583 0.466667 0.673438 0.466667 0.673438 0.464815 0.675000 0.463889 0.675000 0.426852
4 0.596354 0.582407 0.596354 0.650000 0.609896 0.650000 0.610417 0.652778 0.614583 0.652778 0.615104 0.655556 0.619271 0.655556 0.619792 0.658333 0.639062 0.661111 0.639583 0.658333 0.651563 0.655556 0.652083 0.652778 0.671875 0.652778 0.672396 0.650000 0.684375 0.650000 0.684896 0.647222 0.693750 0.647222 0.694271 0.644444 0.705208 0.644444 0.705729 0.647222 0.710938 0.647222 0.714063 0.641667 0.714063 0.634259 0.715625 0.633333 0.715625 0.612963 0.710938 0.601852 0.702083 0.601852 0.701562 0.599074 0.684896 0.596296 0.682813 0.592593 0.682813 0.582407
