4 0.708854 0.349074 0.708854 0.416667 0.750000 0.416667 0.750000 0.403704 0.751563 0.402778 0.751563 0.349074
4 0.783854 0.349074 0.783854 0.419444 0.808333 0.422222 0.808854 0.425000 0.822396 0.425000 0.822917 0.427778 0.826042 0.428704 0.826042 0.438889 0.878125 0.438889 0.878125 0.415741 0.872396 0.415741 0.870313 0.412037 0.870313 0.349074
4 0.283854 0.304630 0.283854 0.383333 0.408333 0.461111 0.424479 0.483333 0.439583 0.486111 0.500521 0.525000 0.526042 0.559259 0.526042 0.572222 0.531250 0.572222 0.534375 0.448148 0.540625 0.447222 0.540625 0.435185 0.534896 0.435185 0.531250 0.424074 0.503646 0.421296 0.481250 0.406481 0.505208 0.397222 0.540625 0.400000 0.540625 0.335185 0.495833 0.335185 0.459375 0.318519 0.432292 0.321296 0.420833 0.335185 0.361458 0.335185 0.338021 0.318519 0.335938 0.304630
4 0.671354 0.537963 0.671354 0.611111 0.677083 0.611111 0.688542 0.636111 0.695833 0.638889 0.696354 0.644444 0.716146 0.650000 0.716667 0.661111 0.746875 0.661111 0.746875 0.650926 0.752083 0.647222 0.787500 0.644444 0.791146 0.636111 0.790104 0.661111 0.828125 0.661111 0.828125 0.560185 0.810937 0.554630 0.783333 0.554630 0.778125 0.548148 0.778125 0.537963 0.757292 0.537963 0.757292 0.550000 0.761979 0.559259 0.763021 0.571296 0.727083 0.576852 0.707812 0.570370 0.704688 0.559259 0.707812 0.550000 0.707812 0.537963
4 0.902604 0.582407 0.902604 0.752778 0.911458 0.752778 0.915104 0.758333 0.919271 0.758333 0.921354 0.763889 0.932292 0.775000 0.945833 0.780556 0.971354 0.802778 0.980208 0.802778 0.980729 0.805556 0.999479 0.802778 0.999479 0.615741 0.986458 0.615741 0.979688 0.610185 0.958333 0.604630 0.956250 0.599074 0.946875 0.592593 0.946875 0.582407
4 0.940104 0.349074 0.940104 0.447222 0.948958 0.447222 0.949479 0.450000 0.959896 0.450000 0.960417 0.452778 0.973958 0.452778 0.974479 0.455556 0.999479 0.455556 0.999479 0.349074
4 0.790104 0.615741 0.790104 0.677778 0.797396 0.677778 0.799479 0.683333 0.802083 0.683333 0.802604 0.686111 0.805208 0.686111 0.805729 0.688889 0.809896 0.688889 0.810417 0.691667 0.814583 0.691667 0.815104 0.694444 0.817708 0.694444 0.818229 0.697222 0.822396 0.697222 0.822917 0.700000 0.831771 0.702778 0.833854 0.706481 0.833854 0.716667 0.859375 0.716667 0.859375 0.706481 0.865625 0.705556 0.865625 0.615741
4 0.540104 0.326852 0.540104 0.394444 0.609375 0.394444 0.609375 0.326852
4 0.708854 0.344444 0.733333 0.344444 0.733854 0.347222 0.748437 0.347222 0.748958 0.344444 0.753125 0.344444 0.753646 0.341667 0.756250 0.341667 0.762500 0.330556 0.762500 0.325926 0.767708 0.316667 0.770312 0.316667 0.782813 0.294444 0.783333 0.288889 0.785937 0.288889 0.786458 0.286111 0.789062 0.286111 0.789583 0.283333 0.796875 0.283333 0.796875 0.271296 0.708854 0.271296
4 0.752604 0.408333 0.759896 0.408333 0.760417 0.411111 0.784375 0.408333 0.784375 0.396296 0.782813 0.395370 0.784375 0.375926 0.789583 0.361111 0.796875 0.358333 0.797396 0.355556 0.803125 0.355556 0.803646 0.352778 0.867188 0.352778 0.871875 0.341667 0.871875 0.324074 0.870313 0.323148 0.870313 0.307407 0.868750 0.306481 0.867188 0.282407 0.752604 0.282407
4 0.643229 0.337963 0.643229 0.350926 0.641667 0.351852 0.641667 0.367593 0.640104 0.368519 0.640104 0.375926 0.633854 0.376852 0.633854 0.386111 0.641146 0.386111 0.641667 0.388889 0.643229 0.389815 0.643229 0.391667 0.652083 0.391667 0.652604 0.394444 0.655729 0.395370 0.655729 0.405556 0.678125 0.405556 0.678125 0.376852 0.671875 0.375926 0.671875 0.354630 0.670312 0.353704 0.670312 0.337963
4 0.671354 0.337963 0.671354 0.400000 0.680208 0.400000 0.680729 0.402778 0.706250 0.402778 0.706250 0.400926 0.707812 0.400000 0.707812 0.398148 0.709375 0.397222 0.709896 0.394444 0.715625 0.394444 0.715625 0.354630 0.709375 0.353704 0.709375 0.349074 0.707812 0.348148 0.707812 0.337963
4 0.633854 0.282407 0.633854 0.333333 0.641146 0.333333 0.641667 0.336111 0.644271 0.336111 0.644792 0.338889 0.656771 0.338889 0.657292 0.350000 0.678125 0.350000 0.678125 0.282407
4 0.602604 0.282407 0.602604 0.333333 0.628646 0.333333 0.629167 0.336111 0.640625 0.336111 0.640625 0.282407
4 0.633854 0.282407 0.633854 0.333333 0.641146 0.333333 0.641667 0.336111 0.644271 0.336111 0.644792 0.338889 0.655208 0.338889 0.655729 0.350000 0.715625 0.350000 0.715625 0.282407
4 0.602604 0.340741 0.602604 0.394444 0.640625 0.394444 0.640625 0.326852 0.616667 0.326852 0.616667 0.337037 0.616146 0.337963 0.613542 0.337963 0.613021 0.340741
