4 0.746354 0.612963 0.746354 0.672222 0.752083 0.672222 0.755729 0.678704 0.757292 0.705556 0.761979 0.716667 0.776042 0.730556 0.829167 0.761111 0.851562 0.758333 0.888021 0.730556 0.921354 0.758333 0.926562 0.755556 0.928646 0.747222 0.940625 0.747222 0.940625 0.726852 0.931771 0.726852 0.928125 0.720370 0.932813 0.689815 0.940625 0.686111 0.940625 0.635185 0.934896 0.635185 0.928125 0.626852 0.866146 0.607407 0.862500 0.603704 0.862500 0.593519 0.766667 0.593519 0.764583 0.607407
4 0.627604 0.282407 0.627604 0.350000 0.676562 0.350000 0.676562 0.337037 0.678125 0.336111 0.678125 0.282407
4 0.677604 0.349074 0.677604 0.411111 0.691146 0.411111 0.691667 0.413889 0.706771 0.413889 0.707292 0.416667 0.711979 0.417593 0.711979 0.427778 0.734375 0.427778 0.734375 0.349074
4 0.629167 0.337963 0.629167 0.364815 0.627604 0.365741 0.627604 0.373148 0.621354 0.374074 0.621354 0.402778 0.630208 0.402778 0.630729 0.405556 0.632292 0.406481 0.632292 0.416667 0.676562 0.416667 0.676562 0.351852 0.675000 0.350926 0.675000 0.337963
4 0.783854 0.349074 0.783854 0.427778 0.791146 0.427778 0.791667 0.430556 0.802083 0.430556 0.802604 0.433333 0.819271 0.433333 0.819792 0.436111 0.833333 0.436111 0.833854 0.438889 0.840104 0.439815 0.840104 0.450000 0.865625 0.450000 0.865625 0.360185 0.859896 0.360185 0.859375 0.349074
4 0.727604 0.349074 0.727604 0.422222 0.747396 0.422222 0.747917 0.425000 0.769271 0.425000 0.769792 0.427778 0.789062 0.427778 0.789583 0.425000 0.796875 0.425000 0.796875 0.407407 0.790625 0.406481 0.790625 0.381481 0.796875 0.380556 0.796875 0.349074
4 0.677604 0.271296 0.677604 0.344444 0.713021 0.344444 0.713542 0.347222 0.726562 0.347222 0.727083 0.344444 0.734375 0.344444 0.734375 0.271296
4 0.752604 0.350000 0.764583 0.350000 0.765104 0.361111 0.870313 0.361111 0.870313 0.350926 0.873958 0.344444 0.876563 0.344444 0.878646 0.336111 0.881250 0.336111 0.886458 0.325000 0.889062 0.325000 0.895833 0.313889 0.914062 0.297222 0.920312 0.286111 0.920312 0.271296 0.752604 0.271296
4 0.552604 0.326852 0.552604 0.391667 0.558333 0.391667 0.558854 0.394444 0.569271 0.394444 0.569792 0.397222 0.573438 0.397222 0.573958 0.394444 0.578646 0.394444 0.580729 0.400000 0.591146 0.400000 0.591667 0.402778 0.620313 0.402778 0.620833 0.400000 0.628125 0.400000 0.628125 0.326852
4 0.999479 0.282407 0.911979 0.282407 0.911979 0.292593 0.905208 0.304630 0.896354 0.310185 0.888021 0.326852 0.882292 0.329630 0.864583 0.368519 0.858854 0.368519 0.858854 0.438889 0.883854 0.447222 0.895833 0.447222 0.905729 0.452778 0.939063 0.452778 0.940625 0.446296 0.937500 0.439815 0.937500 0.418519 0.929688 0.395370 0.934896 0.380556 0.965625 0.375000 0.966146 0.372222 0.999479 0.369444
4 0.577604 0.326852 0.577604 0.400000 0.592708 0.400000 0.593229 0.402778 0.620313 0.402778 0.620833 0.400000 0.628125 0.400000 0.628125 0.326852
4 0.740625 0.554630 0.716667 0.551852 0.716146 0.554630 0.707292 0.554630 0.706771 0.557407 0.697917 0.557407 0.697396 0.560185 0.685417 0.560185 0.684896 0.562963 0.621354 0.568519 0.619792 0.571296 0.619792 0.592593 0.616146 0.599074 0.604167 0.601852 0.604167 0.608333 0.607292 0.612037 0.608854 0.622222 0.613021 0.622222 0.613542 0.625000 0.617708 0.625000 0.622917 0.630556 0.628646 0.630556 0.629167 0.633333 0.639583 0.633333 0.640104 0.636111 0.659375 0.636111 0.659896 0.633333 0.675000 0.633333 0.675521 0.630556 0.703646 0.633333 0.716667 0.645370 0.718229 0.661111 0.740625 0.661111
4 0.302604 0.426852 0.302604 0.455556 0.308333 0.455556 0.315104 0.463889 0.333333 0.463889 0.351042 0.477778 0.370833 0.486111 0.379167 0.508333 0.388542 0.516667 0.408333 0.516667 0.430208 0.525000 0.451042 0.544444 0.494271 0.569444 0.508854 0.586111 0.518229 0.591667 0.528125 0.588889 0.528125 0.556481 0.534375 0.555556 0.534375 0.457407 0.528646 0.457407 0.523438 0.446296 0.470833 0.440741 0.467187 0.437037 0.467187 0.426852 0.430729 0.426852 0.429167 0.442593 0.423958 0.449074 0.385937 0.437037 0.385937 0.426852
4 0.390104 0.182407 0.390104 0.238889 0.425000 0.238889 0.425000 0.225926 0.426563 0.225000 0.426563 0.220370 0.428125 0.219444 0.428125 0.196296 0.426563 0.195370 0.426563 0.182407
4 0.740104 0.349074 0.740104 0.422222 0.756771 0.422222 0.757292 0.425000 0.772396 0.425000 0.772917 0.427778 0.792708 0.427778 0.793229 0.430556 0.802083 0.430556 0.802604 0.433333 0.834896 0.436111 0.835417 0.438889 0.840104 0.439815 0.840104 0.450000 0.864062 0.450000 0.864062 0.434259 0.865625 0.433333 0.864062 0.379630 0.862500 0.378704 0.862500 0.371296 0.857812 0.359259 0.857812 0.349074
