2 0.558854 0.418519 0.558854 0.455556 0.565625 0.455556 0.566146 0.452778 0.650000 0.452778 0.650521 0.450000 0.677083 0.450000 0.677604 0.452778 0.692708 0.452778 0.693229 0.455556 0.728125 0.452778 0.728125 0.404630 0.577604 0.404630 0.577083 0.415741
2 0.558854 0.335185 0.558854 0.375000 0.568750 0.375000 0.569271 0.372222 0.575000 0.372222 0.584896 0.363889 0.601562 0.363889 0.602083 0.361111 0.656250 0.361111 0.656771 0.358333 0.721875 0.355556 0.721875 0.315741 0.652604 0.315741 0.652083 0.326852 0.633333 0.326852 0.632812 0.315741 0.574479 0.315741 0.574479 0.325926 0.570833 0.332407
2 0.558854 0.507407 0.558854 0.530556 0.566146 0.530556 0.577604 0.541667 0.586458 0.541667 0.586979 0.544444 0.631250 0.544444 0.631771 0.541667 0.642708 0.541667 0.643229 0.544444 0.721875 0.544444 0.721875 0.493519 0.571354 0.493519 0.570833 0.504630
2 0.558854 0.465741 0.558854 0.497222 0.577083 0.497222 0.577604 0.500000 0.589063 0.500000 0.589583 0.497222 0.712500 0.500000 0.713021 0.497222 0.718750 0.497222 0.722396 0.488889 0.728125 0.488889 0.728125 0.468519 0.720833 0.468519 0.717187 0.462037 0.717187 0.449074 0.579167 0.449074 0.578646 0.460185 0.569792 0.460185 0.566146 0.465741
2 0.563542 0.601852 0.563542 0.605556 0.567708 0.608333 0.576042 0.623148 0.576042 0.627778 0.586979 0.644444 0.592187 0.644444 0.592708 0.641667 0.603125 0.638889 0.603646 0.636111 0.635938 0.633333 0.636458 0.630556 0.707812 0.630556 0.708333 0.627778 0.721875 0.627778 0.721875 0.582407 0.572917 0.582407 0.572917 0.592593
2 0.558854 0.537963 0.558854 0.572222 0.564583 0.572222 0.582292 0.588889 0.607812 0.591667 0.608333 0.588889 0.640625 0.588889 0.641146 0.586111 0.706250 0.586111 0.706771 0.583333 0.721875 0.580556 0.721875 0.537963 0.629167 0.537963 0.628646 0.549074 0.618229 0.549074 0.617708 0.551852 0.598958 0.549074 0.598437 0.537963
2 0.752604 0.660185 0.752604 0.761111 0.759896 0.761111 0.792708 0.788889 0.815104 0.816667 0.865104 0.852778 0.881771 0.850000 0.894271 0.858333 0.899479 0.872222 0.917708 0.883333 0.936979 0.925000 0.961979 0.961111 0.984896 0.969444 0.999479 0.983333 0.999479 0.807407 0.972396 0.793519 0.964063 0.779630 0.941146 0.771296 0.918750 0.749074 0.901042 0.746296 0.878646 0.754630 0.878125 0.726852 0.867188 0.712963 0.813021 0.704630 0.784896 0.685185 0.765625 0.662963
2 0.558854 0.330556 0.565625 0.330556 0.567708 0.322222 0.573438 0.319444 0.576562 0.313889 0.577083 0.308333 0.580729 0.311111 0.656250 0.311111 0.656771 0.308333 0.693750 0.311111 0.694271 0.308333 0.706250 0.308333 0.716146 0.300000 0.721875 0.300000 0.721875 0.285185 0.710938 0.284259 0.713021 0.277778 0.721875 0.277778 0.721875 0.260185 0.569792 0.260185 0.569792 0.278704 0.566667 0.289815 0.558854 0.290741
2 0.558854 0.418519 0.558854 0.455556 0.575000 0.455556 0.575521 0.452778 0.678646 0.452778 0.679167 0.455556 0.689583 0.455556 0.690104 0.458333 0.709375 0.458333 0.709896 0.455556 0.715625 0.455556 0.716146 0.452778 0.728125 0.452778 0.728125 0.404630 0.571354 0.404630 0.570833 0.415741
2 0.558854 0.660185 0.558854 0.675000 0.566667 0.675926 0.569792 0.694444 0.574479 0.700926 0.577604 0.713889 0.586979 0.725926 0.585417 0.735185 0.586979 0.750000 0.591667 0.758333 0.598958 0.761111 0.599479 0.772222 0.604688 0.772222 0.604688 0.762037 0.614583 0.752778 0.628646 0.750000 0.638542 0.755556 0.668750 0.755556 0.669271 0.752778 0.706250 0.755556 0.714063 0.750000 0.716146 0.736111 0.721875 0.736111 0.721875 0.718519 0.716146 0.718519 0.714063 0.714815 0.721875 0.713889 0.721875 0.671296 0.698958 0.671296 0.698438 0.660185 0.688542 0.660185 0.688021 0.671296 0.655729 0.671296 0.655208 0.674074 0.635417 0.674074 0.617708 0.679630 0.591146 0.679630 0.584375 0.673148 0.584375 0.660185
2 0.558854 0.493519 0.558854 0.530556 0.570833 0.533333 0.577604 0.541667 0.583333 0.541667 0.583854 0.544444 0.706250 0.547222 0.706771 0.544444 0.717187 0.544444 0.718750 0.534259 0.720313 0.533333 0.718750 0.493519
