4 0.802604 0.465741 0.802604 0.558333 0.808333 0.558333 0.810417 0.572222 0.819792 0.583333 0.858854 0.600000 0.891146 0.605556 0.918229 0.619444 0.947917 0.628704 0.947917 0.638889 0.970313 0.638889 0.970313 0.628704 0.999479 0.613889 0.999479 0.457407 0.948958 0.449074 0.948438 0.437963 0.908854 0.437963 0.908333 0.449074 0.895833 0.454630 0.877604 0.454630 0.853646 0.462963
4 0.321354 0.349074 0.321354 0.425000 0.327083 0.425000 0.329167 0.430556 0.331771 0.430556 0.332292 0.433333 0.339583 0.433333 0.340104 0.436111 0.365625 0.436111 0.365625 0.434259 0.368750 0.430556 0.368750 0.378704 0.370312 0.377778 0.370312 0.368519 0.368750 0.367593 0.368750 0.349074
4 0.277604 0.360185 0.277604 0.413889 0.288021 0.413889 0.288542 0.416667 0.295833 0.416667 0.296354 0.419444 0.302083 0.419444 0.302604 0.422222 0.311458 0.422222 0.311979 0.425000 0.320312 0.425000 0.320833 0.422222 0.328125 0.422222 0.328125 0.360185
4 0.596354 0.210185 0.596354 0.508333 0.701042 0.552778 0.734375 0.555556 0.753646 0.541667 0.796875 0.536111 0.801562 0.522222 0.801562 0.487037 0.808333 0.469444 0.864062 0.463889 0.890625 0.444444 0.890625 0.199074 0.825521 0.193519 0.825000 0.182407 0.672917 0.182407 0.672396 0.193519
4 0.221354 0.271296 0.221354 0.386111 0.227083 0.386111 0.230729 0.394444 0.236458 0.394444 0.236979 0.397222 0.242708 0.397222 0.243229 0.400000 0.250521 0.400000 0.251042 0.402778 0.273438 0.402778 0.275000 0.400000 0.275000 0.370370 0.276562 0.369444 0.276562 0.356481 0.278646 0.352778 0.282292 0.358333 0.290625 0.358333 0.290625 0.271296
4 0.515104 0.293519 0.515104 0.383333 0.559375 0.383333 0.559896 0.372222 0.567187 0.372222 0.567708 0.369444 0.587500 0.369444 0.588021 0.366667 0.596875 0.366667 0.596875 0.293519
4 0.246354 0.537963 0.246354 0.563889 0.253646 0.563889 0.254167 0.564815 0.254167 0.569444 0.255729 0.570370 0.255729 0.575000 0.256771 0.575000 0.257292 0.577778 0.258854 0.578704 0.258854 0.583333 0.259896 0.583333 0.260417 0.586111 0.263021 0.586111 0.263542 0.588889 0.265104 0.589815 0.265104 0.591667 0.267708 0.591667 0.268229 0.594444 0.269792 0.595370 0.269792 0.597222 0.284375 0.597222 0.284375 0.579630 0.278646 0.579630 0.278125 0.578704 0.278125 0.568519 0.276562 0.567593 0.276562 0.537963
4 0.999479 0.879630 0.903125 0.837037 0.903125 0.826852 0.879167 0.826852 0.879167 0.837037 0.870833 0.849074 0.861979 0.854630 0.811458 0.915741 0.801042 0.921296 0.780208 0.951852 0.770833 0.960185 0.758854 0.960185 0.758854 0.999074 0.999479 0.999074
4 0.515104 0.426852 0.515104 0.488889 0.531771 0.488889 0.532292 0.491667 0.538021 0.491667 0.538542 0.494444 0.544271 0.494444 0.544792 0.497222 0.558333 0.497222 0.558854 0.500000 0.569271 0.500000 0.569792 0.502778 0.575521 0.502778 0.576042 0.505556 0.578646 0.505556 0.579167 0.516667 0.596875 0.516667 0.596875 0.426852
4 0.565104 0.426852 0.565104 0.502778 0.575521 0.502778 0.576042 0.505556 0.580729 0.506481 0.580729 0.516667 0.590625 0.516667 0.590625 0.506481 0.592187 0.505556 0.592187 0.503704 0.593750 0.502778 0.594271 0.500000 0.595313 0.500000 0.595313 0.492593 0.596875 0.491667 0.596875 0.451852 0.595313 0.450926 0.595313 0.426852
4 0.208854 0.504630 0.208854 0.552778 0.216146 0.552778 0.216667 0.555556 0.222396 0.555556 0.222917 0.558333 0.227083 0.558333 0.227604 0.561111 0.231771 0.561111 0.232292 0.563889 0.239583 0.563889 0.240104 0.566667 0.248438 0.566667 0.248958 0.563889 0.251563 0.563889 0.253646 0.558333 0.256250 0.558333 0.256771 0.555556 0.259375 0.555556 0.259896 0.552778 0.260417 0.555556 0.263021 0.555556 0.263542 0.558333 0.266146 0.558333 0.266667 0.561111 0.268229 0.562037 0.268229 0.569444 0.269792 0.570370 0.269792 0.583333 0.278125 0.583333 0.278125 0.504630
4 0.999479 0.879630 0.906771 0.840741 0.903125 0.826852 0.879167 0.826852 0.879167 0.837037 0.799479 0.924074 0.772396 0.962963 0.741146 0.982407 0.707812 0.971296 0.660417 0.974074 0.641667 0.990741 0.640104 0.999074 0.999479 0.999074
