4 0.302604 0.349074 0.302604 0.402778 0.313021 0.402778 0.313542 0.405556 0.320833 0.405556 0.321354 0.406481 0.321354 0.416667 0.334375 0.416667 0.334375 0.349074
4 0.665104 0.724074 0.665104 0.825000 0.670833 0.825000 0.685417 0.858333 0.775521 0.936111 0.785417 0.950926 0.788542 0.994444 0.828125 0.994444 0.831250 0.975926 0.842187 0.963889 0.843750 0.937037 0.875521 0.891667 0.921875 0.861111 0.928125 0.834259 0.934375 0.833333 0.934375 0.754630 0.861458 0.724074 0.834896 0.707407 0.832812 0.693519 0.788542 0.693519 0.784896 0.707407 0.719271 0.735185 0.691146 0.737963 0.679688 0.724074
4 0.865104 0.382407 0.865104 0.525000 0.873958 0.525000 0.877604 0.530556 0.901042 0.538889 0.913021 0.538889 0.938542 0.550000 0.977083 0.555556 0.988021 0.561111 0.988542 0.572222 0.999479 0.572222 0.999479 0.382407
4 0.421354 0.371296 0.421354 0.425000 0.428646 0.425000 0.429167 0.427778 0.431771 0.427778 0.432292 0.438889 0.495312 0.438889 0.495312 0.425926 0.496875 0.425000 0.496875 0.417593 0.503125 0.416667 0.503125 0.412963 0.496875 0.412037 0.496875 0.371296
4 0.496354 0.382407 0.496354 0.444444 0.506771 0.444444 0.507292 0.447222 0.513021 0.447222 0.513542 0.450000 0.517708 0.450000 0.518229 0.452778 0.528646 0.452778 0.529167 0.455556 0.534896 0.455556 0.535417 0.458333 0.538542 0.459259 0.538542 0.472222 0.553125 0.472222 0.553125 0.382407
4 0.640104 0.371296 0.640104 0.469444 0.647396 0.469444 0.671354 0.483333 0.724479 0.497222 0.773438 0.500000 0.781771 0.494444 0.790625 0.494444 0.795833 0.488889 0.802604 0.497222 0.821875 0.500000 0.821875 0.371296
4 0.352604 0.249074 0.352604 0.408333 0.409375 0.422222 0.421875 0.416667 0.421875 0.387037 0.427083 0.377778 0.441146 0.380556 0.444792 0.386111 0.464583 0.377778 0.503125 0.380556 0.503125 0.249074
4 0.477604 0.637963 0.477604 0.711111 0.484896 0.711111 0.485417 0.713889 0.488021 0.713889 0.488542 0.716667 0.491146 0.716667 0.491667 0.719444 0.494271 0.719444 0.494792 0.722222 0.497396 0.722222 0.497917 0.725000 0.500521 0.725000 0.501042 0.727778 0.503646 0.727778 0.504167 0.730556 0.506771 0.730556 0.507292 0.733333 0.513021 0.733333 0.513542 0.736111 0.529687 0.736111 0.530208 0.733333 0.535937 0.733333 0.536458 0.730556 0.540625 0.730556 0.541146 0.727778 0.546875 0.725000 0.550000 0.719444 0.550000 0.709259 0.551562 0.708333 0.551562 0.679630 0.550000 0.678704 0.550000 0.674074 0.548438 0.671296 0.538542 0.671296 0.538021 0.674074 0.520833 0.674074 0.520312 0.671296 0.514583 0.671296 0.512500 0.665741 0.509896 0.665741 0.507812 0.662037 0.507812 0.657407 0.506250 0.656481 0.506250 0.649074 0.504687 0.648148 0.504687 0.637963
4 0.596354 0.685185 0.597917 0.697222 0.617708 0.702778 0.633854 0.713889 0.645312 0.713889 0.645833 0.711111 0.683333 0.713889 0.688542 0.725926 0.688542 0.733333 0.692187 0.733333 0.694271 0.725000 0.716146 0.727778 0.716667 0.730556 0.742188 0.725000 0.745833 0.719444 0.760938 0.711111 0.764062 0.697222 0.762500 0.679630 0.759375 0.671296 0.708333 0.651852 0.707812 0.637963 0.647917 0.637963 0.647917 0.648148 0.644271 0.651852 0.622917 0.657407 0.622396 0.660185 0.616667 0.660185 0.599479 0.671296
4 0.408854 0.582407 0.408854 0.666667 0.423958 0.669444 0.424479 0.672222 0.428646 0.672222 0.429167 0.675000 0.434896 0.675000 0.435417 0.677778 0.444271 0.680556 0.444792 0.683333 0.447396 0.683333 0.447917 0.686111 0.452083 0.686111 0.452604 0.688889 0.459896 0.688889 0.460417 0.691667 0.473438 0.691667 0.473958 0.688889 0.476562 0.688889 0.478125 0.686111 0.478125 0.653704 0.482812 0.647222 0.483333 0.641667 0.490625 0.641667 0.490625 0.618519 0.483333 0.618519 0.482812 0.615741 0.458333 0.615741 0.457813 0.612963 0.455208 0.612963 0.454688 0.610185 0.445833 0.607407 0.439063 0.595370 0.439063 0.582407
4 0.958854 0.782407 0.958854 0.961111 0.964583 0.961111 0.965104 0.963889 0.967708 0.963889 0.986979 0.994444 0.999479 0.994444 0.999479 0.782407
4 0.702604 0.094444 0.717187 0.094444 0.717708 0.083333 0.763021 0.066667 0.795312 0.063889 0.830208 0.047222 0.882812 0.041667 0.889583 0.033333 0.906250 0.027778 0.906250 0.004630 0.702604 0.004630
4 0.171354 0.262963 0.171354 0.366667 0.178646 0.366667 0.182292 0.372222 0.192708 0.372222 0.193229 0.375000 0.203646 0.372222 0.204167 0.375000 0.220833 0.377778 0.221354 0.380556 0.231250 0.380556 0.236458 0.375000 0.242708 0.375000 0.251042 0.383333 0.259375 0.383333 0.259375 0.365741 0.239583 0.368519 0.235937 0.362037 0.235937 0.348148 0.241146 0.341667 0.259375 0.341667 0.259375 0.226852 0.205729 0.226852 0.205729 0.239815 0.200521 0.249074 0.185417 0.254630 0.183333 0.260185
4 0.865104 0.249074 0.865104 0.391667 0.942187 0.391667 0.942708 0.388889 0.967187 0.388889 0.967708 0.386111 0.979688 0.386111 0.980208 0.383333 0.999479 0.383333 0.999479 0.249074
4 0.333854 0.337963 0.333854 0.416667 0.365625 0.416667 0.365625 0.365741 0.359896 0.365741 0.359375 0.364815 0.359375 0.360185 0.357812 0.359259 0.357812 0.337963
4 0.458854 0.096296 0.458854 0.161111 0.496875 0.161111 0.496875 0.150926 0.500000 0.150000 0.500521 0.147222 0.506250 0.147222 0.506771 0.144444 0.518750 0.144444 0.519271 0.141667 0.528125 0.141667 0.528646 0.138889 0.532813 0.138889 0.532813 0.134259 0.534896 0.130556 0.540625 0.130556 0.540625 0.082407 0.491667 0.082407 0.491146 0.093519 0.490625 0.082407 0.465104 0.082407 0.465104 0.095370
4 0.408854 0.582407 0.408854 0.666667 0.419271 0.666667 0.419792 0.669444 0.430208 0.672222 0.455729 0.688889 0.475000 0.688889 0.478125 0.683333 0.476562 0.656481 0.484896 0.641667 0.491146 0.644444 0.496354 0.653704 0.496354 0.658333 0.504687 0.661111 0.507812 0.650926 0.511458 0.647222 0.515625 0.647222 0.531771 0.633333 0.540625 0.633333 0.540625 0.582407 0.496354 0.582407 0.496354 0.603704 0.484896 0.615741 0.459896 0.615741 0.453125 0.607407 0.447396 0.607407 0.440625 0.595370 0.440625 0.582407
