4 0.258854 0.349074 0.258854 0.405556 0.269271 0.405556 0.269792 0.408333 0.277083 0.408333 0.277604 0.411111 0.289062 0.411111 0.289583 0.408333 0.296875 0.408333 0.296875 0.349074
4 0.496354 0.649074 0.496354 0.700000 0.507292 0.700926 0.504167 0.715741 0.507292 0.750000 0.527083 0.733333 0.552083 0.733333 0.557292 0.748148 0.554167 0.773148 0.546354 0.776852 0.539583 0.793519 0.508854 0.771296 0.507292 0.786111 0.511979 0.794444 0.523958 0.797222 0.526042 0.805556 0.590104 0.850000 0.604688 0.850000 0.614062 0.838889 0.622396 0.791667 0.632292 0.827778 0.652083 0.816667 0.678646 0.827778 0.691667 0.839815 0.685417 0.849074 0.685417 0.872222 0.703125 0.872222 0.703125 0.760185 0.696875 0.759259 0.703125 0.758333 0.703125 0.679630 0.656771 0.662963 0.653125 0.649074 0.583854 0.649074 0.583333 0.660185 0.567708 0.671296 0.519271 0.687963 0.520312 0.649074
4 0.421354 0.237963 0.421354 0.344444 0.427604 0.345370 0.427604 0.359259 0.421354 0.360185 0.421354 0.380556 0.427604 0.381481 0.427604 0.409259 0.421354 0.410185 0.421354 0.438889 0.434896 0.441667 0.436979 0.447222 0.449479 0.452778 0.495312 0.455556 0.504687 0.452778 0.514062 0.438889 0.520833 0.400000 0.609375 0.402778 0.609375 0.237963
4 0.383854 0.382407 0.383854 0.436111 0.394271 0.436111 0.394792 0.438889 0.400521 0.438889 0.401042 0.441667 0.405208 0.441667 0.405729 0.444444 0.417708 0.444444 0.418229 0.447222 0.423438 0.447222 0.423958 0.444444 0.434375 0.444444 0.434375 0.382407
4 0.171354 0.471296 0.171354 0.544444 0.192708 0.552778 0.199479 0.563889 0.217708 0.575000 0.224479 0.586111 0.242708 0.600000 0.244792 0.605556 0.263021 0.616667 0.274479 0.633333 0.291146 0.641667 0.294792 0.648148 0.296354 0.672222 0.303125 0.672222 0.303125 0.604630 0.278125 0.595370 0.295312 0.586111 0.296875 0.577778 0.292187 0.471296
4 0.521354 0.393519 0.521354 0.469444 0.530208 0.469444 0.535417 0.475000 0.552083 0.477778 0.552604 0.480556 0.563021 0.480556 0.568229 0.484259 0.568229 0.494444 0.587500 0.494444 0.588021 0.483333 0.606250 0.480556 0.606771 0.477778 0.615625 0.477778 0.616146 0.475000 0.623958 0.475000 0.629167 0.480556 0.639583 0.483333 0.640104 0.494444 0.678125 0.494444 0.678125 0.421296 0.670833 0.421296 0.667188 0.417593 0.665625 0.393519
4 0.402604 0.549074 0.402604 0.611111 0.411979 0.614815 0.408854 0.629630 0.411979 0.652778 0.432292 0.688889 0.455208 0.705556 0.455729 0.716667 0.467187 0.716667 0.467708 0.705556 0.534375 0.683333 0.550521 0.672222 0.568750 0.666667 0.581250 0.658333 0.584896 0.647222 0.590625 0.647222 0.590625 0.576852 0.584896 0.576852 0.570312 0.565741 0.555208 0.562963 0.553125 0.549074
4 0.521354 0.404630 0.521354 0.469444 0.530208 0.469444 0.530729 0.472222 0.534896 0.472222 0.535417 0.475000 0.542708 0.475000 0.543229 0.477778 0.552083 0.477778 0.552604 0.480556 0.563021 0.480556 0.563542 0.483333 0.569271 0.483333 0.569792 0.494444 0.587500 0.494444 0.588021 0.483333 0.607812 0.480556 0.608333 0.477778 0.617188 0.477778 0.617708 0.475000 0.628125 0.475000 0.628125 0.454630 0.621875 0.453704 0.622396 0.447222 0.628125 0.447222 0.628125 0.404630
4 0.658854 0.415741 0.658854 0.500000 0.666146 0.500000 0.666667 0.505556 0.671354 0.511111 0.675521 0.511111 0.685417 0.519444 0.691146 0.519444 0.701042 0.527778 0.706771 0.527778 0.707292 0.530556 0.713021 0.530556 0.713542 0.533333 0.719271 0.533333 0.719792 0.536111 0.725521 0.536111 0.726042 0.538889 0.733333 0.538889 0.733854 0.541667 0.750521 0.544444 0.754167 0.550926 0.754167 0.561111 0.778125 0.561111 0.778125 0.537963 0.770312 0.537037 0.770312 0.431481 0.771875 0.430556 0.771875 0.415741
4 0.790104 0.882407 0.790104 0.938889 0.802083 0.944444 0.816667 0.969444 0.830208 0.980556 0.838542 0.999074 0.999479 0.999074 0.999479 0.829630 0.937500 0.799074 0.915625 0.792593 0.915625 0.782407 0.907292 0.782407 0.906771 0.793519 0.897917 0.796296 0.860417 0.829630 0.831771 0.862963 0.816667 0.865741
4 0.221354 0.349074 0.221354 0.394444 0.231771 0.394444 0.232292 0.397222 0.239583 0.397222 0.240104 0.400000 0.265625 0.400000 0.265625 0.371296 0.259896 0.371296 0.259375 0.370370 0.259896 0.369444 0.265625 0.369444 0.265625 0.349074
4 0.315104 0.482407 0.315104 0.644444 0.320833 0.644444 0.326042 0.655556 0.339583 0.666667 0.351042 0.692593 0.351042 0.705556 0.403125 0.705556 0.403125 0.589815 0.409896 0.577778 0.414583 0.577778 0.418229 0.591667 0.427083 0.600000 0.430729 0.612037 0.427604 0.624074 0.429167 0.642593 0.422917 0.651852 0.424479 0.672222 0.438542 0.695370 0.438542 0.705556 0.453125 0.705556 0.453125 0.518519 0.406771 0.521296 0.373437 0.499074 0.350521 0.496296 0.348438 0.482407
4 0.985417 0.404630 0.984896 0.415741 0.965104 0.418519 0.965104 0.580556 0.970833 0.580556 0.971354 0.583333 0.975521 0.583333 0.976042 0.586111 0.978646 0.586111 0.982292 0.591667 0.986458 0.591667 0.988542 0.595370 0.988542 0.605556 0.999479 0.605556 0.999479 0.404630
4 0.383854 0.293519 0.383854 0.350000 0.392188 0.350000 0.392708 0.347222 0.423438 0.347222 0.423438 0.345370 0.425000 0.344444 0.425521 0.341667 0.426563 0.341667 0.426563 0.334259 0.428125 0.333333 0.428125 0.310185 0.426563 0.309259 0.426563 0.293519
