4 0.827604 0.404630 0.827604 0.497222 0.838021 0.497222 0.838542 0.500000 0.844271 0.500000 0.844792 0.502778 0.859896 0.505556 0.860417 0.516667 0.918750 0.516667 0.920312 0.500926 0.927083 0.488889 0.932813 0.486111 0.935937 0.473148 0.937500 0.472222 0.937500 0.453704 0.939063 0.452778 0.939063 0.446296 0.937500 0.445370 0.937500 0.426852 0.934375 0.418519 0.928125 0.414815 0.928125 0.404630
4 0.527604 0.060185 0.527604 0.161111 0.537500 0.161111 0.537500 0.150926 0.542188 0.150000 0.542708 0.147222 0.571875 0.144444 0.572396 0.141667 0.590625 0.141667 0.591146 0.138889 0.600000 0.138889 0.600521 0.136111 0.606250 0.136111 0.606771 0.133333 0.631250 0.130556 0.635938 0.125000 0.635938 0.089815 0.637500 0.088889 0.635938 0.037963 0.566667 0.037963 0.566667 0.048148 0.563542 0.049074 0.563021 0.051852 0.541667 0.057407 0.541146 0.060185
4 0.390104 0.571296 0.390104 0.627778 0.397396 0.627778 0.397917 0.630556 0.402083 0.630556 0.402604 0.633333 0.406771 0.633333 0.407292 0.636111 0.411458 0.636111 0.411979 0.638889 0.415104 0.639815 0.415104 0.650000 0.425000 0.650000 0.425521 0.638889 0.428125 0.638889 0.428646 0.636111 0.434375 0.636111 0.434375 0.634259 0.435937 0.633333 0.435937 0.631481 0.437500 0.630556 0.438021 0.627778 0.439063 0.627778 0.439063 0.593519 0.438021 0.593519 0.437500 0.590741 0.435937 0.589815 0.435937 0.587963 0.428646 0.587963 0.428125 0.585185 0.420833 0.585185 0.420312 0.571296
4 0.515104 0.615741 0.515104 0.708333 0.527083 0.711111 0.568229 0.747222 0.584375 0.750000 0.588021 0.744444 0.601562 0.741667 0.616146 0.730556 0.631250 0.730556 0.644271 0.719444 0.653125 0.719444 0.659896 0.711111 0.665625 0.711111 0.665625 0.604630 0.549479 0.604630 0.548958 0.615741 0.536979 0.615741 0.536458 0.618519
4 0.046354 0.318519 0.046354 0.427778 0.059896 0.430556 0.138542 0.497222 0.192708 0.527778 0.202604 0.541667 0.220833 0.552778 0.224479 0.572222 0.234375 0.572222 0.234375 0.496296 0.228125 0.495370 0.223438 0.462963 0.211979 0.471296 0.205208 0.485185 0.192188 0.481481 0.190625 0.468519 0.180208 0.465741 0.175000 0.453704 0.178125 0.437037 0.183333 0.433333 0.221875 0.436111 0.234375 0.430556 0.234375 0.379630 0.139583 0.360185 0.132812 0.334259 0.132812 0.293519 0.066667 0.293519 0.066667 0.303704 0.058333 0.315741
4 0.615104 0.271296 0.615104 0.366667 0.719271 0.372222 0.733333 0.380556 0.736979 0.389815 0.736979 0.442593 0.727083 0.460185 0.646354 0.454630 0.641667 0.461111 0.691146 0.466667 0.693229 0.483333 0.721875 0.483333 0.725521 0.463889 0.750521 0.469444 0.754167 0.483333 0.804688 0.483333 0.804688 0.473148 0.817187 0.458333 0.821875 0.417593 0.828125 0.416667 0.828125 0.271296
4 0.658854 0.618519 0.658854 0.772222 0.665104 0.773148 0.668229 0.797222 0.769271 0.863889 0.797917 0.897222 0.883333 0.958333 0.891667 0.970370 0.888542 0.994444 0.999479 0.997222 0.999479 0.790741 0.953646 0.779630 0.854688 0.729630 0.823958 0.746296 0.798958 0.743519 0.798438 0.695370 0.808333 0.672222 0.817187 0.688889 0.818750 0.670370 0.829688 0.663889 0.829688 0.649074 0.775521 0.662963 0.676562 0.618519
4 0.396354 0.371296 0.396354 0.411111 0.402083 0.411111 0.402604 0.413889 0.406771 0.413889 0.407292 0.416667 0.409896 0.416667 0.410417 0.417593 0.410417 0.427778 0.440625 0.427778 0.440625 0.371296
4 0.660417 0.726852 0.665104 0.786111 0.671354 0.802778 0.769271 0.863889 0.801042 0.900000 0.884896 0.961111 0.891667 0.973148 0.886979 0.999074 0.999479 0.999074 0.996875 0.790741 0.952083 0.779630 0.943750 0.768519 0.872396 0.740741 0.870313 0.726852 0.836979 0.726852 0.834896 0.740741 0.820833 0.754630 0.795833 0.749074 0.793750 0.726852
4 0.440104 0.582407 0.440104 0.661111 0.447396 0.661111 0.447917 0.663889 0.459896 0.666667 0.460417 0.669444 0.464583 0.669444 0.465104 0.672222 0.467708 0.672222 0.471354 0.677778 0.480208 0.680556 0.480729 0.683333 0.483333 0.683333 0.486979 0.688889 0.491146 0.688889 0.491667 0.691667 0.510938 0.691667 0.514062 0.686111 0.514062 0.637037 0.515625 0.636111 0.515625 0.631481 0.517708 0.627778 0.521875 0.627778 0.521875 0.624074 0.517188 0.615741 0.514583 0.615741 0.514062 0.612963 0.508333 0.612963 0.507812 0.610185 0.503646 0.610185 0.503125 0.607407 0.498958 0.607407 0.496875 0.603704 0.506250 0.594444 0.506250 0.582407
4 0.496354 0.360185 0.496354 0.430556 0.530208 0.438889 0.530729 0.450000 0.621875 0.450000 0.621875 0.429630 0.616146 0.429630 0.615625 0.418519 0.614062 0.417593 0.614062 0.360185
4 0.277604 0.326852 0.277604 0.391667 0.302083 0.391667 0.302604 0.394444 0.309375 0.394444 0.309375 0.326852
4 0.615104 0.349074 0.615104 0.455556 0.691667 0.473148 0.691667 0.483333 0.721875 0.483333 0.721875 0.473148 0.728646 0.469444 0.750521 0.469444 0.754167 0.473148 0.754167 0.483333 0.828125 0.483333 0.828125 0.410185 0.821875 0.409259 0.821875 0.389815 0.828125 0.388889 0.828125 0.349074 0.701042 0.349074 0.700521 0.362963 0.683333 0.371296 0.648958 0.365741 0.643750 0.359259 0.643750 0.349074
4 0.346354 0.360185 0.346354 0.402778 0.355208 0.402778 0.355729 0.405556 0.359896 0.405556 0.360417 0.416667 0.403125 0.416667 0.403125 0.360185
4 0.440104 0.590741 0.440104 0.661111 0.455208 0.663889 0.493229 0.691667 0.509375 0.691667 0.514062 0.686111 0.514062 0.637037 0.516146 0.630556 0.522396 0.630556 0.529167 0.652778 0.541667 0.667593 0.543229 0.684259 0.536979 0.693519 0.536979 0.705556 0.584375 0.705556 0.584375 0.571296 0.460417 0.571296 0.458333 0.585185
4 0.615104 0.371296 0.615104 0.455556 0.642708 0.461111 0.643229 0.463889 0.650521 0.463889 0.651042 0.466667 0.686458 0.472222 0.686979 0.483333 0.728125 0.483333 0.728125 0.473148 0.734375 0.472222 0.734896 0.469444 0.759375 0.472222 0.759375 0.371296
4 0.296354 0.260185 0.296354 0.391667 0.308333 0.391667 0.311979 0.397222 0.319271 0.397222 0.319792 0.400000 0.345313 0.400000 0.353125 0.394444 0.351562 0.373148 0.353646 0.372222 0.354167 0.394444 0.361979 0.402778 0.370833 0.405556 0.371354 0.416667 0.396875 0.416667 0.396875 0.403704 0.400000 0.394444 0.398438 0.370370 0.402083 0.363889 0.421875 0.366667 0.421875 0.260185
4 0.240104 0.426852 0.240104 0.445370 0.233854 0.460185 0.233854 0.475926 0.227604 0.476852 0.227604 0.572222 0.259896 0.572222 0.311979 0.608333 0.330208 0.613889 0.332292 0.627778 0.345313 0.627778 0.347396 0.605556 0.354167 0.611111 0.385937 0.611111 0.389583 0.580556 0.398958 0.572222 0.422396 0.575000 0.427604 0.584259 0.418229 0.594444 0.427083 0.597222 0.432292 0.606481 0.429167 0.627778 0.440625 0.627778 0.440625 0.449074 0.434896 0.449074 0.428125 0.437037 0.428125 0.426852 0.385417 0.426852 0.385417 0.437037 0.378646 0.443519 0.350521 0.440741 0.346875 0.437037 0.346875 0.426852 0.315104 0.426852 0.315104 0.437037 0.309896 0.440741 0.286458 0.440741 0.282813 0.437037 0.282813 0.426852
4 0.433854 0.149074 0.433854 0.194444 0.445312 0.194444 0.445312 0.184259 0.445833 0.183333 0.450000 0.183333 0.450000 0.181481 0.450521 0.180556 0.459375 0.180556 0.459375 0.149074
