4 0.677604 0.371296 0.677604 0.430556 0.686458 0.430556 0.686979 0.433333 0.692708 0.433333 0.693229 0.436111 0.702083 0.436111 0.702604 0.438889 0.706771 0.438889 0.707292 0.450000 0.762500 0.450000 0.762500 0.439815 0.765625 0.438889 0.770312 0.430556 0.770312 0.409259 0.771875 0.408333 0.771875 0.387963 0.770312 0.387037 0.770312 0.371296
4 0.771354 0.582407 0.771354 0.675000 0.777083 0.675000 0.785417 0.688889 0.802083 0.694444 0.810417 0.702778 0.863021 0.730556 0.879167 0.748148 0.879167 0.761111 0.917188 0.761111 0.920312 0.698148 0.922396 0.688889 0.928125 0.688889 0.928125 0.635185 0.918750 0.632407 0.888021 0.635185 0.863021 0.626852 0.860938 0.621296 0.850521 0.615741 0.848437 0.606481 0.854688 0.602778 0.856250 0.582407
4 0.502604 0.337963 0.502604 0.400000 0.513021 0.400000 0.513542 0.402778 0.530208 0.402778 0.530729 0.405556 0.538021 0.405556 0.538542 0.416667 0.570312 0.416667 0.570312 0.403704 0.578125 0.402778 0.578125 0.337963
4 0.202604 0.315741 0.202604 0.413889 0.313021 0.483333 0.340104 0.516667 0.372396 0.522222 0.477083 0.594444 0.477604 0.605556 0.496875 0.605556 0.496875 0.549074 0.483854 0.551852 0.475521 0.574074 0.471875 0.532407 0.450521 0.535185 0.395313 0.506481 0.423958 0.491667 0.471875 0.513889 0.470313 0.457407 0.453125 0.428704 0.473958 0.425000 0.478125 0.438889 0.483333 0.427778 0.496875 0.427778 0.496875 0.385185 0.490625 0.384259 0.496875 0.380556 0.496875 0.357407 0.488542 0.360185 0.488021 0.376852 0.472396 0.382407 0.468750 0.357407 0.432292 0.357407 0.435417 0.366667 0.459896 0.369444 0.455208 0.382407 0.352604 0.368519 0.349479 0.400000 0.357292 0.403704 0.344792 0.412963 0.341146 0.432407 0.345313 0.371296 0.278646 0.354630 0.262500 0.328704 0.262500 0.315741
4 0.571354 0.349074 0.571354 0.411111 0.578646 0.411111 0.579167 0.413889 0.583333 0.413889 0.583854 0.416667 0.592708 0.416667 0.593229 0.419444 0.600521 0.419444 0.601042 0.422222 0.619271 0.422222 0.619792 0.425000 0.643750 0.425000 0.644271 0.422222 0.666146 0.422222 0.666667 0.425000 0.678125 0.425000 0.678125 0.349074
4 0.521354 0.132407 0.521354 0.205556 0.540625 0.205556 0.541146 0.194444 0.550000 0.194444 0.550521 0.191667 0.562500 0.191667 0.563021 0.188889 0.575000 0.188889 0.575521 0.186111 0.581250 0.186111 0.581771 0.183333 0.584375 0.183333 0.584896 0.180556 0.590625 0.180556 0.590625 0.132407 0.583333 0.132407 0.582812 0.129630 0.572396 0.129630 0.571875 0.126852 0.567708 0.126852 0.567187 0.115741 0.541667 0.115741 0.541667 0.125926 0.540104 0.126852 0.539583 0.129630 0.535417 0.129630 0.534896 0.132407
4 0.196354 0.315741 0.204167 0.345370 0.196354 0.402778 0.308333 0.480556 0.340104 0.516667 0.386458 0.530556 0.452604 0.586111 0.478646 0.594444 0.483854 0.638889 0.493750 0.638889 0.500521 0.619444 0.513542 0.638889 0.571875 0.638889 0.571875 0.546296 0.478646 0.510185 0.468750 0.440741 0.459375 0.437037 0.476042 0.450000 0.488021 0.433333 0.554688 0.444444 0.557813 0.435185 0.537500 0.418519 0.508333 0.412963 0.503125 0.373148 0.514583 0.369444 0.524479 0.394444 0.571875 0.388889 0.571875 0.343519 0.508854 0.343519 0.477083 0.379630 0.468750 0.375926 0.468750 0.357407 0.436979 0.357407 0.461458 0.369444 0.453646 0.382407 0.395833 0.379630 0.278646 0.354630 0.258333 0.332407 0.256250 0.315741
4 0.590104 0.551852 0.590104 0.686111 0.672917 0.738889 0.681250 0.735185 0.670312 0.720370 0.672396 0.711111 0.702083 0.725000 0.727604 0.753704 0.730729 0.783333 0.788542 0.830556 0.823438 0.844444 0.826562 0.817593 0.834896 0.813889 0.903646 0.858333 0.883854 0.871296 0.883854 0.883333 0.917188 0.883333 0.910937 0.859259 0.917188 0.838889 0.921875 0.635185 0.867708 0.629630 0.843750 0.606481 0.848437 0.593519 0.840625 0.585185 0.780729 0.593519 0.797917 0.661111 0.819792 0.686111 0.842708 0.691667 0.855729 0.714815 0.783333 0.690741 0.770312 0.651852 0.748437 0.637037 0.753125 0.615741 0.695833 0.621296 0.685937 0.592593 0.700000 0.549074 0.602604 0.526852
4 0.577604 0.282407 0.577604 0.352778 0.659896 0.355556 0.660417 0.358333 0.672396 0.358333 0.675521 0.361111 0.676042 0.372222 0.718750 0.372222 0.720313 0.342593 0.722396 0.338889 0.728125 0.338889 0.728125 0.282407
4 0.478125 0.204630 0.455729 0.204630 0.453646 0.218519 0.419271 0.232407 0.257292 0.257407 0.245833 0.268519 0.202604 0.282407 0.202604 0.294444 0.208333 0.294444 0.215104 0.308333 0.227083 0.316667 0.229167 0.330556 0.238542 0.341667 0.266146 0.341667 0.282292 0.355556 0.334375 0.366667 0.352083 0.361111 0.383854 0.377778 0.435937 0.380556 0.443750 0.377778 0.453646 0.361111 0.468750 0.358333 0.471875 0.342593 0.478125 0.341667 0.471875 0.337037 0.470313 0.237037 0.472396 0.230556 0.478125 0.230556
