2 0.127604 0.780556 0.428125 0.752778 0.450000 0.727778 0.454688 0.704630 0.450000 0.682407 0.430729 0.682407 0.430208 0.704630 0.426563 0.703704 0.426563 0.682407 0.371354 0.682407 0.367708 0.696296 0.328646 0.693519 0.328125 0.682407 0.294792 0.682407 0.294271 0.693519 0.244271 0.699074 0.240625 0.682407 0.127604 0.682407 0.127604 0.711111 0.146354 0.714815 0.141146 0.732407 0.127604 0.729630
2 0.000000 0.249074 0.000000 0.294444 0.003646 0.294444 0.004167 0.297222 0.016146 0.297222 0.016667 0.300000 0.022396 0.300000 0.024479 0.305556 0.028646 0.305556 0.029167 0.308333 0.036458 0.308333 0.036979 0.311111 0.041146 0.311111 0.041667 0.313889 0.044271 0.313889 0.044792 0.316667 0.048958 0.316667 0.049479 0.319444 0.065625 0.319444 0.065625 0.285185 0.058333 0.285185 0.056250 0.279630 0.053646 0.279630 0.053125 0.276852 0.047396 0.276852 0.046875 0.274074 0.038021 0.274074 0.037500 0.271296 0.034896 0.271296 0.034375 0.268519 0.031250 0.264815 0.031250 0.262963 0.023958 0.262963 0.023438 0.260185 0.019271 0.260185 0.018750 0.249074
2 0.133854 0.999074 0.143750 0.999074 0.148958 0.986111 0.218750 0.986111 0.270833 0.972222 0.343750 0.972222 0.380208 0.958333 0.435937 0.955556 0.452083 0.927778 0.465625 0.922222 0.465625 0.904630 0.133854 0.904630
2 0.000000 0.204630 0.000000 0.255556 0.005208 0.255556 0.005729 0.258333 0.009896 0.258333 0.010417 0.261111 0.017708 0.261111 0.018229 0.263889 0.023958 0.263889 0.024479 0.266667 0.027083 0.266667 0.027604 0.269444 0.031771 0.269444 0.032292 0.272222 0.034896 0.272222 0.035417 0.275000 0.039583 0.275000 0.041667 0.280556 0.044792 0.281481 0.044792 0.288889 0.049479 0.295370 0.049479 0.305556 0.065625 0.305556 0.065625 0.246296 0.056771 0.246296 0.056250 0.243519 0.052083 0.243519 0.050000 0.237963 0.047396 0.237963 0.046875 0.235185 0.041146 0.235185 0.040625 0.232407 0.036458 0.232407 0.035937 0.229630 0.033333 0.229630 0.032813 0.226852 0.028646 0.226852 0.028125 0.224074 0.022396 0.224074 0.021875 0.221296 0.017708 0.221296 0.017188 0.218519 0.014063 0.214815 0.014063 0.204630
2 0.127604 0.705556 0.154688 0.708333 0.303646 0.688889 0.389062 0.686111 0.437500 0.675000 0.443750 0.657407 0.440625 0.649074 0.415625 0.637963 0.399479 0.637963 0.384896 0.649074 0.333854 0.643519 0.311458 0.651852 0.276562 0.637963 0.244271 0.640741 0.240625 0.626852 0.140104 0.626852 0.140104 0.638889 0.205208 0.644444 0.211458 0.647222 0.213542 0.656481 0.202083 0.662963 0.194792 0.654630 0.189583 0.662963 0.146354 0.671296 0.141146 0.682407 0.127604 0.685185
2 0.465625 0.849074 0.443229 0.849074 0.443229 0.864815 0.434896 0.885185 0.407292 0.882407 0.339583 0.899074 0.305729 0.896296 0.228646 0.907407 0.138542 0.907407 0.133854 0.912963 0.133854 0.928704 0.127604 0.929630 0.127604 0.972222 0.133854 0.973148 0.138542 0.999074 0.142187 0.999074 0.148958 0.983333 0.215625 0.986111 0.264583 0.972222 0.334375 0.972222 0.373958 0.958333 0.432812 0.952778 0.442188 0.947222 0.450521 0.925000 0.465625 0.919444
2 0.000000 0.296296 0.000000 0.327778 0.003646 0.327778 0.004167 0.330556 0.008333 0.330556 0.008854 0.333333 0.011458 0.333333 0.011979 0.336111 0.015104 0.339815 0.015104 0.341667 0.019271 0.341667 0.019792 0.344444 0.039583 0.344444 0.040104 0.347222 0.045833 0.347222 0.046354 0.350000 0.048958 0.350000 0.051042 0.355556 0.058333 0.355556 0.058854 0.358333 0.065625 0.358333 0.065625 0.318519 0.050521 0.318519 0.050000 0.315741 0.045833 0.315741 0.045312 0.312963 0.041146 0.312963 0.040625 0.310185 0.034896 0.310185 0.034375 0.307407 0.028646 0.307407 0.028125 0.304630 0.023958 0.304630 0.023438 0.301852 0.017708 0.301852 0.017188 0.299074 0.006771 0.299074 0.006250 0.296296
2 0.141667 0.627778 0.152604 0.638889 0.179688 0.641667 0.310937 0.627778 0.432812 0.608333 0.437500 0.601852 0.425000 0.570370 0.425000 0.560185 0.347917 0.560185 0.347396 0.571296 0.328646 0.571296 0.328125 0.560185 0.152604 0.560185 0.155729 0.575000 0.203646 0.577778 0.207292 0.584259 0.189583 0.599074 0.157292 0.604630 0.153646 0.612963 0.144792 0.615741
2 0.121354 0.361111 0.132812 0.361111 0.134896 0.347222 0.146875 0.341667 0.134896 0.325000 0.155208 0.316667 0.405208 0.291667 0.430208 0.297222 0.442188 0.319444 0.445312 0.285185 0.437500 0.237963 0.383854 0.237963 0.383333 0.249074 0.367708 0.254630 0.334375 0.248148 0.334375 0.237963 0.265104 0.237963 0.264583 0.249074 0.238021 0.262963 0.197396 0.249074 0.196875 0.237963 0.194271 0.249074 0.173958 0.254630 0.131771 0.251852 0.128125 0.237963 0.121354 0.237963
2 0.127604 0.318519 0.127604 0.383333 0.201563 0.380556 0.292708 0.366667 0.348438 0.366667 0.382812 0.361111 0.382812 0.357407 0.334896 0.349074 0.346875 0.326852 0.339583 0.324074 0.332813 0.310185 0.325521 0.304630 0.325000 0.293519 0.246354 0.293519 0.245833 0.304630 0.233333 0.315741 0.219271 0.318519
