2 0.000000 0.204630 0.000000 0.255556 0.032813 0.255556 0.033333 0.252778 0.066146 0.250000 0.066667 0.252778 0.081771 0.255556 0.091667 0.266667 0.095833 0.266667 0.104167 0.275000 0.109896 0.275000 0.130729 0.294444 0.134375 0.294444 0.137500 0.288889 0.137500 0.268519 0.135937 0.267593 0.134375 0.257407 0.127083 0.254630 0.123438 0.246296 0.113021 0.243519 0.109375 0.235185 0.098958 0.232407 0.093750 0.224074 0.088021 0.221296 0.085938 0.217593 0.085938 0.204630 0.018229 0.204630 0.018229 0.214815 0.011979 0.215741 0.011458 0.218519 0.008333 0.218519 0.006250 0.214815 0.006250 0.204630
2 0.246354 0.904630 0.246354 0.997222 0.396875 0.986111 0.495833 0.969444 0.523438 0.977778 0.527083 0.969444 0.534375 0.969444 0.534375 0.935185 0.528125 0.934259 0.528125 0.920370 0.534375 0.919444 0.534375 0.904630 0.357292 0.904630 0.356771 0.915741 0.334896 0.918519 0.317708 0.915741 0.317188 0.904630
2 0.000000 0.282407 0.000000 0.311111 0.005208 0.311111 0.005729 0.313889 0.009896 0.313889 0.010417 0.316667 0.014583 0.316667 0.019792 0.322222 0.039583 0.325000 0.040104 0.327778 0.050521 0.330556 0.051042 0.333333 0.075521 0.336111 0.076042 0.338889 0.083333 0.338889 0.083854 0.341667 0.109375 0.341667 0.109896 0.338889 0.114062 0.338889 0.114062 0.335185 0.106771 0.325000 0.114583 0.325000 0.118229 0.330556 0.129688 0.330556 0.131250 0.327778 0.131250 0.320370 0.132812 0.319444 0.129688 0.296296 0.128125 0.295370 0.128125 0.282407 0.097917 0.282407 0.097917 0.292593 0.096354 0.293519 0.095833 0.299074 0.089583 0.299074 0.089063 0.296296 0.080208 0.293519 0.079687 0.282407
2 0.221354 0.060185 0.221354 0.100000 0.254167 0.095370 0.247396 0.107407 0.221354 0.107407 0.221354 0.150000 0.234896 0.141667 0.509375 0.122222 0.509375 0.107407 0.503646 0.107407 0.500000 0.095370 0.498437 0.060185 0.352604 0.060185 0.354167 0.075000 0.368229 0.081481 0.333333 0.096296 0.303646 0.093519 0.315625 0.088889 0.317188 0.076852 0.302083 0.071296 0.301563 0.060185
2 0.515625 0.268519 0.482812 0.260185 0.386979 0.262963 0.377083 0.271296 0.369792 0.268519 0.366146 0.274074 0.358854 0.274074 0.338021 0.293519 0.328646 0.296296 0.282292 0.290741 0.270833 0.299074 0.264583 0.299074 0.262500 0.293519 0.244792 0.296296 0.241146 0.304630 0.233854 0.304630 0.233854 0.327778 0.342187 0.319444 0.363021 0.311111 0.432812 0.311111 0.515625 0.297222
2 0.240104 0.744444 0.307812 0.741667 0.336458 0.733333 0.382812 0.733333 0.427083 0.725000 0.507812 0.722222 0.528125 0.716667 0.528125 0.685185 0.508333 0.687963 0.501563 0.681481 0.501563 0.671296 0.443229 0.671296 0.442708 0.682407 0.439063 0.681481 0.439063 0.671296 0.357292 0.671296 0.357292 0.697222 0.368229 0.703704 0.347917 0.710185 0.327083 0.724074 0.303646 0.726852 0.268229 0.724074 0.253646 0.732407 0.246875 0.721296 0.240104 0.721296
2 0.246354 0.849074 0.246354 0.922222 0.280208 0.916667 0.331250 0.919444 0.351562 0.916667 0.366146 0.908333 0.471875 0.905556 0.483333 0.897222 0.520312 0.894444 0.521875 0.886111 0.517188 0.868519 0.509375 0.859259 0.509375 0.849074 0.391667 0.849074 0.391146 0.860185 0.387500 0.859259 0.387500 0.849074 0.382292 0.849074 0.381771 0.860185 0.375521 0.860185 0.375000 0.849074
2 0.227604 0.315741 0.227604 0.327778 0.233333 0.327778 0.236979 0.339815 0.233854 0.367593 0.227604 0.368519 0.227604 0.386111 0.312500 0.383333 0.386458 0.369444 0.478125 0.369444 0.515625 0.363889 0.515625 0.315741 0.363542 0.315741 0.363542 0.325926 0.355208 0.335185 0.328125 0.329630 0.273958 0.332407 0.258333 0.326852 0.257812 0.315741
2 0.254167 0.561111 0.261979 0.563889 0.317708 0.561111 0.319792 0.564815 0.317708 0.574074 0.309896 0.579630 0.268229 0.590741 0.263542 0.599074 0.266667 0.619444 0.378646 0.605556 0.456250 0.602778 0.479687 0.597222 0.493750 0.586111 0.481250 0.564815 0.485938 0.537963 0.255729 0.537963
2 0.000000 0.179630 0.000000 0.219444 0.028125 0.216667 0.028646 0.213889 0.048438 0.211111 0.048958 0.208333 0.077083 0.208333 0.077604 0.211111 0.081771 0.211111 0.083854 0.216667 0.094271 0.222222 0.096354 0.227778 0.105208 0.230556 0.110417 0.238889 0.119271 0.241667 0.127604 0.252778 0.135937 0.252778 0.139583 0.230556 0.144792 0.241667 0.153125 0.241667 0.153125 0.212963 0.141667 0.215741 0.139583 0.221296 0.139063 0.215741 0.122396 0.210185 0.117188 0.201852 0.101562 0.187963 0.091146 0.185185 0.085938 0.174074 0.078646 0.171296 0.078125 0.160185 0.030729 0.160185 0.030729 0.170370 0.027083 0.174074
2 0.240104 0.604630 0.240104 0.619444 0.247917 0.622222 0.314583 0.619444 0.333854 0.625926 0.316146 0.649074 0.280729 0.649074 0.255208 0.668519 0.240104 0.668519 0.240104 0.675000 0.254167 0.677778 0.515625 0.652778 0.515625 0.621296 0.495833 0.615741 0.495312 0.604630
2 0.233854 0.396296 0.233854 0.450000 0.321875 0.444444 0.350521 0.436111 0.393750 0.436111 0.414583 0.430556 0.510938 0.430556 0.512500 0.425000 0.512500 0.382407 0.283854 0.382407 0.283854 0.392593 0.280208 0.396296
2 0.240104 0.768519 0.240104 0.800000 0.249479 0.805556 0.337500 0.800000 0.355208 0.794444 0.528125 0.786111 0.528125 0.726852 0.358854 0.726852 0.358333 0.737963 0.330729 0.757407 0.327083 0.771296 0.307292 0.776852 0.303646 0.782407 0.253646 0.776852 0.246875 0.768519
2 0.221354 0.126852 0.221354 0.188889 0.227083 0.188889 0.233854 0.205556 0.350521 0.188889 0.453125 0.191667 0.504687 0.183333 0.506250 0.126852 0.441667 0.126852 0.441146 0.137963 0.430208 0.140741 0.422396 0.137963 0.421875 0.126852 0.418229 0.126852 0.417708 0.137963 0.415625 0.126852 0.379167 0.126852 0.377083 0.140741 0.375000 0.126852 0.368229 0.126852 0.367708 0.149074 0.341146 0.154630 0.275521 0.151852 0.273958 0.147222 0.288021 0.138889 0.312500 0.141667 0.315625 0.126852
2 0.246354 0.782407 0.246354 0.863889 0.342187 0.858333 0.358333 0.852778 0.479687 0.850000 0.528125 0.838889 0.528125 0.782407 0.351042 0.782407 0.348958 0.796296 0.341146 0.799074 0.325521 0.796296 0.323437 0.782407
