2 0.252604 0.904630 0.252604 0.916667 0.260417 0.920370 0.258854 0.961111 0.263542 0.997222 0.406250 0.986111 0.481771 0.972222 0.520833 0.972222 0.529167 0.978704 0.529167 0.994444 0.540625 0.997222 0.540625 0.904630 0.351042 0.904630 0.350521 0.915741 0.333333 0.915741 0.332813 0.904630 0.274479 0.904630 0.273958 0.915741 0.270313 0.914815 0.270313 0.904630
2 0.227604 0.060185 0.227604 0.100000 0.252083 0.091667 0.279167 0.092593 0.269271 0.107407 0.256771 0.112963 0.227604 0.107407 0.227604 0.152778 0.242708 0.141667 0.292708 0.133333 0.510938 0.116667 0.509375 0.060185 0.360417 0.060185 0.360417 0.072222 0.372917 0.084259 0.341146 0.099074 0.303646 0.096296 0.302083 0.091667 0.323437 0.086111 0.323437 0.079630 0.310937 0.070370 0.310937 0.060185
2 0.000000 0.293519 0.000000 0.311111 0.020833 0.311111 0.021354 0.313889 0.025521 0.313889 0.030729 0.319444 0.047396 0.322222 0.047917 0.325000 0.053646 0.325000 0.054167 0.327778 0.058333 0.327778 0.063542 0.333333 0.088021 0.336111 0.088542 0.338889 0.094271 0.338889 0.094792 0.341667 0.109375 0.341667 0.109896 0.338889 0.114062 0.338889 0.114062 0.335185 0.111458 0.335185 0.107813 0.328704 0.107813 0.317593 0.109896 0.313889 0.119271 0.313889 0.126042 0.322222 0.136458 0.325000 0.136979 0.327778 0.142187 0.327778 0.145313 0.319444 0.143750 0.293519
0 0.171354 0.493519 0.171354 0.538889 0.177083 0.538889 0.180729 0.553704 0.179167 0.612037 0.171354 0.618519 0.171354 0.663889 0.177604 0.664815 0.180729 0.684259 0.179167 0.725926 0.171354 0.732407 0.171354 0.999074 0.231250 0.999074 0.218750 0.981481 0.242188 0.947222 0.253646 0.897222 0.258854 0.911111 0.265625 0.911111 0.265625 0.807407 0.257812 0.800926 0.259375 0.784259 0.265625 0.783333 0.265625 0.743519 0.253125 0.742593 0.253646 0.655556 0.258854 0.670370 0.255729 0.719444 0.265625 0.725000 0.265625 0.493519 0.243229 0.493519 0.246354 0.562037 0.241146 0.568519 0.213021 0.560185 0.212500 0.537037 0.218750 0.521296 0.199479 0.518519 0.197917 0.552778 0.203646 0.585185 0.193750 0.578704 0.189062 0.493519
2 0.000000 0.204630 0.000000 0.258333 0.040625 0.258333 0.041146 0.255556 0.054688 0.255556 0.055208 0.252778 0.084896 0.252778 0.085417 0.255556 0.095833 0.258333 0.099479 0.263889 0.105208 0.263889 0.111979 0.272222 0.123958 0.275000 0.129167 0.283333 0.138021 0.286111 0.146354 0.297222 0.153125 0.297222 0.153125 0.257407 0.141146 0.257407 0.137500 0.253704 0.137500 0.246296 0.125521 0.243519 0.121875 0.235185 0.116146 0.235185 0.108333 0.229630 0.106250 0.224074 0.098437 0.217593 0.098437 0.204630 0.035417 0.204630 0.034896 0.215741 0.024479 0.215741 0.023958 0.218519 0.006771 0.218519 0.006250 0.204630
2 0.000000 0.249074 0.000000 0.305556 0.017188 0.302778 0.017708 0.300000 0.025000 0.300000 0.025521 0.297222 0.032813 0.297222 0.041146 0.291667 0.075521 0.291667 0.076042 0.294444 0.102083 0.297222 0.115104 0.308333 0.128125 0.308333 0.128125 0.301852 0.114062 0.292593 0.113021 0.277778 0.122396 0.280556 0.124479 0.286111 0.128646 0.286111 0.129167 0.288889 0.134896 0.288889 0.140104 0.297222 0.145833 0.291667 0.153125 0.291667 0.153125 0.249074
2 0.520312 0.274074 0.515625 0.262963 0.509375 0.259259 0.509375 0.249074 0.468229 0.249074 0.468229 0.259259 0.461458 0.262963 0.396354 0.265741 0.389583 0.274074 0.369792 0.279630 0.345833 0.301852 0.320833 0.301852 0.306250 0.290741 0.269792 0.285185 0.246354 0.290741 0.246354 0.333333 0.300521 0.322222 0.351562 0.319444 0.373958 0.311111 0.434375 0.311111 0.503125 0.300000 0.517188 0.294444 0.520312 0.288889
2 0.260417 0.557407 0.263542 0.563889 0.316667 0.564815 0.314583 0.574074 0.294792 0.576852 0.283333 0.587963 0.269792 0.590741 0.263542 0.604630 0.268229 0.619444 0.457813 0.602778 0.492188 0.594444 0.496875 0.586111 0.490625 0.568519 0.484896 0.568519 0.481250 0.562037 0.483333 0.555556 0.492188 0.552778 0.492188 0.537963 0.263542 0.537963
2 0.252604 0.604630 0.252604 0.622222 0.284896 0.619444 0.293229 0.625926 0.289583 0.637963 0.252604 0.649074 0.252604 0.680556 0.295312 0.680556 0.322396 0.672222 0.434896 0.658333 0.534375 0.655556 0.534375 0.626852 0.523958 0.621296 0.520312 0.604630
2 0.000000 0.582407 0.000000 0.636111 0.010937 0.636111 0.011458 0.633333 0.043750 0.633333 0.044271 0.630556 0.057813 0.630556 0.058333 0.627778 0.084375 0.627778 0.084375 0.582407
2 0.252604 0.849074 0.252604 0.869444 0.260417 0.870370 0.258333 0.882407 0.252604 0.882407 0.252604 0.919444 0.261979 0.922222 0.351562 0.916667 0.369271 0.908333 0.485938 0.905556 0.498958 0.897222 0.540625 0.897222 0.540625 0.874074 0.520833 0.868519 0.517188 0.860185 0.508333 0.862963 0.506250 0.849074
2 0.246354 0.315741 0.246354 0.388889 0.328125 0.383333 0.356771 0.375000 0.398438 0.372222 0.402083 0.366667 0.473438 0.369444 0.491146 0.363889 0.521875 0.363889 0.521875 0.315741 0.383854 0.315741 0.381771 0.329630 0.366146 0.335185 0.259896 0.326852 0.259375 0.315741
2 0.521875 0.129630 0.508854 0.132407 0.492708 0.149074 0.478125 0.143519 0.427604 0.143519 0.380208 0.160185 0.365104 0.160185 0.348958 0.176852 0.322396 0.176852 0.315625 0.168519 0.285417 0.168519 0.256771 0.179630 0.240104 0.179630 0.233854 0.186111 0.239583 0.186111 0.249479 0.205556 0.335938 0.194444 0.347396 0.186111 0.480208 0.186111 0.521875 0.191667
2 0.246354 0.371296 0.246354 0.450000 0.433333 0.427778 0.516146 0.425000 0.521354 0.433333 0.528125 0.433333 0.528125 0.371296 0.377604 0.371296 0.377083 0.382407 0.311979 0.387963 0.294271 0.396296 0.276562 0.392593 0.300000 0.388889 0.301563 0.371296
2 0.521875 0.182407 0.493229 0.182407 0.492708 0.193519 0.461458 0.204630 0.445833 0.201852 0.434375 0.193519 0.407292 0.196296 0.402083 0.210185 0.394792 0.215741 0.391146 0.229630 0.355208 0.246296 0.319271 0.246296 0.303125 0.224074 0.258854 0.224074 0.258854 0.263889 0.293750 0.261111 0.308333 0.252778 0.521875 0.247222
