2 0.846875 0.615741 0.826042 0.615741 0.826042 0.625926 0.798958 0.662963 0.783333 0.668519 0.689583 0.668519 0.671875 0.660185 0.607292 0.668519 0.602083 0.682407 0.596354 0.682407 0.596354 0.730556 0.630208 0.730556 0.651042 0.738889 0.701042 0.741667 0.796875 0.738889 0.804688 0.733333 0.836458 0.675000 0.846875 0.672222
2 0.596354 0.999074 0.606250 0.999074 0.608333 0.991667 0.630208 0.991667 0.635417 0.999074 0.829688 0.999074 0.834375 0.978704 0.850521 0.950000 0.859375 0.947222 0.859375 0.915741 0.815104 0.915741 0.815104 0.937037 0.806771 0.951852 0.797396 0.957407 0.768750 0.940741 0.667708 0.932407 0.655208 0.926852 0.654687 0.915741 0.596354 0.915741
2 0.215104 0.699074 0.215104 0.738889 0.231250 0.738889 0.231771 0.725000 0.425521 0.655556 0.454167 0.666667 0.569271 0.669444 0.554167 0.683333 0.580208 0.694444 0.580729 0.738889 0.596875 0.738889 0.596875 0.674074 0.576562 0.662037 0.592187 0.612963 0.489583 0.607407 0.507812 0.602778 0.507812 0.582407 0.227604 0.582407 0.233854 0.619444 0.251042 0.638889 0.364583 0.613889 0.430729 0.617593 0.413021 0.643519 0.369792 0.646296 0.328646 0.671296
2 0.840104 0.658333 0.848437 0.658333 0.848958 0.655556 0.854688 0.655556 0.855208 0.652778 0.857812 0.652778 0.858333 0.650000 0.860938 0.650000 0.861458 0.647222 0.864062 0.647222 0.864583 0.644444 0.867188 0.644444 0.867708 0.641667 0.871875 0.641667 0.872396 0.638889 0.895312 0.638889 0.895833 0.636111 0.903125 0.636111 0.903646 0.633333 0.909375 0.633333 0.909896 0.630556 0.914062 0.630556 0.914583 0.627778 0.921875 0.627778 0.921875 0.604630 0.840104 0.604630
2 0.833854 0.560185 0.833854 0.616667 0.843750 0.616667 0.844271 0.613889 0.848437 0.613889 0.848958 0.611111 0.853125 0.611111 0.853646 0.608333 0.856250 0.608333 0.856771 0.605556 0.862500 0.605556 0.863021 0.602778 0.868750 0.602778 0.869271 0.600000 0.900000 0.600000 0.900521 0.597222 0.909375 0.597222 0.909896 0.594444 0.912500 0.594444 0.912500 0.589815 0.914062 0.588889 0.914062 0.579630 0.911458 0.579630 0.910937 0.576852 0.908333 0.576852 0.907813 0.574074 0.905208 0.574074 0.904687 0.571296 0.903125 0.570370 0.903125 0.560185
2 0.846354 0.160185 0.846354 0.191667 0.854167 0.192593 0.852083 0.199074 0.846354 0.199074 0.846354 0.250000 0.870313 0.250000 0.870313 0.237963 0.862500 0.225926 0.860938 0.214815 0.863021 0.211111 0.870313 0.211111 0.870833 0.208333 0.878125 0.208333 0.878646 0.205556 0.885938 0.205556 0.886458 0.202778 0.893750 0.202778 0.894271 0.200000 0.917708 0.200000 0.918229 0.202778 0.923958 0.205556 0.926042 0.211111 0.930208 0.211111 0.933854 0.219444 0.940625 0.219444 0.940625 0.179630 0.933333 0.179630 0.929688 0.173148 0.929688 0.160185
2 0.596875 0.660185 0.519792 0.682407 0.588021 0.691667 0.579167 0.725926 0.560417 0.749074 0.583854 0.789815 0.545833 0.840741 0.491146 0.868519 0.468750 0.856481 0.493750 0.816667 0.492188 0.804630 0.445312 0.806481 0.457813 0.742593 0.492188 0.705556 0.490625 0.682407 0.440625 0.671296 0.405729 0.679630 0.399479 0.705556 0.422917 0.739815 0.424479 0.762037 0.405208 0.793519 0.347917 0.782407 0.314583 0.840741 0.246354 0.843519 0.246354 0.999074 0.489063 0.999074 0.520833 0.955556 0.560937 0.963889 0.603125 0.913889 0.603125 0.857407 0.595313 0.853704 0.603125 0.838889 0.603125 0.796296 0.592187 0.784259
2 0.440104 0.527778 0.489063 0.527778 0.489583 0.500000 0.509375 0.500000 0.544271 0.488889 0.595833 0.480556 0.676562 0.483333 0.682813 0.475000 0.682813 0.446296 0.678125 0.437037 0.678125 0.426852 0.499479 0.426852 0.498958 0.437963 0.486458 0.443519 0.440104 0.446296 0.440104 0.488889 0.453646 0.486111 0.480729 0.495370 0.440104 0.499074
2 0.443229 0.079630 0.449479 0.103704 0.444792 0.125000 0.451042 0.137037 0.443229 0.146296 0.444792 0.180556 0.520312 0.150000 0.530208 0.136111 0.584896 0.133333 0.605208 0.141667 0.677604 0.213889 0.715625 0.208333 0.715625 0.151852 0.684896 0.165741 0.675000 0.142593 0.677083 0.125000 0.715625 0.091667 0.715625 0.062963 0.695833 0.065741 0.692187 0.059259 0.695833 0.047222 0.707812 0.038889 0.707812 0.026852 0.643229 0.026852 0.643229 0.041667 0.655208 0.047222 0.655729 0.059259 0.625521 0.076852 0.604688 0.065741 0.591146 0.076852 0.580208 0.074074 0.545833 0.040741 0.543750 0.026852 0.510417 0.026852 0.510417 0.037037 0.497396 0.051852
2 0.440104 0.287963 0.440104 0.344444 0.525000 0.330556 0.556250 0.319444 0.564583 0.311111 0.600521 0.311111 0.611979 0.319444 0.620833 0.319444 0.630729 0.330556 0.684375 0.347222 0.684375 0.260185 0.654167 0.260185 0.654167 0.275926 0.647396 0.285185 0.637500 0.274074 0.623958 0.271296 0.623437 0.260185 0.526042 0.260185 0.526042 0.270370 0.520833 0.274074 0.497917 0.274074 0.473958 0.285185
2 0.815104 0.569444 0.846875 0.569444 0.847396 0.566667 0.856250 0.566667 0.856771 0.563889 0.860938 0.563889 0.861458 0.561111 0.883333 0.561111 0.883854 0.563889 0.909375 0.561111 0.909896 0.558333 0.914062 0.558333 0.914583 0.555556 0.917188 0.555556 0.917708 0.552778 0.920312 0.552778 0.920833 0.550000 0.923438 0.550000 0.923958 0.547222 0.932813 0.541667 0.934375 0.538889 0.934375 0.532407 0.931250 0.525926 0.931250 0.515741 0.835417 0.515741 0.834896 0.526852 0.834375 0.515741 0.815104 0.515741
2 0.440104 0.240741 0.440104 0.291667 0.542188 0.266667 0.575521 0.250000 0.594271 0.250000 0.658854 0.294444 0.678125 0.300000 0.678125 0.204630 0.649479 0.204630 0.652083 0.229630 0.641146 0.229630 0.637500 0.221296 0.628646 0.218519 0.626563 0.204630 0.524479 0.204630 0.524479 0.214815 0.517708 0.221296 0.507292 0.221296 0.489583 0.232407 0.466667 0.232407
2 0.846354 0.697222 0.856250 0.697222 0.856771 0.694444 0.859375 0.694444 0.859375 0.692593 0.860938 0.691667 0.863021 0.686111 0.865625 0.686111 0.866146 0.683333 0.868750 0.683333 0.869271 0.680556 0.871875 0.680556 0.872396 0.677778 0.876563 0.677778 0.877083 0.675000 0.915625 0.675000 0.915625 0.673148 0.918750 0.669444 0.918750 0.664815 0.920312 0.663889 0.920312 0.637963 0.858854 0.637963 0.858854 0.648148 0.857292 0.649074 0.856771 0.651852 0.846354 0.651852
2 0.677604 0.663889 0.683333 0.663889 0.683854 0.666667 0.759896 0.663889 0.760417 0.666667 0.770833 0.666667 0.771354 0.669444 0.793750 0.666667 0.803125 0.661111 0.806771 0.652778 0.810937 0.650000 0.811458 0.644444 0.814063 0.644444 0.830208 0.622222 0.839583 0.616667 0.846875 0.616667 0.846875 0.571296 0.710417 0.571296 0.709896 0.582407 0.677604 0.587963
2 0.871875 0.771296 0.821354 0.771296 0.819792 0.789815 0.798958 0.812963 0.738021 0.812963 0.718750 0.804630 0.596354 0.790741 0.596354 0.844444 0.622917 0.850926 0.613542 0.851852 0.608854 0.860185 0.607292 0.905556 0.636458 0.913889 0.638542 0.927778 0.728125 0.927778 0.728125 0.915741 0.700521 0.910185 0.684896 0.893519 0.681250 0.884259 0.684896 0.866667 0.740104 0.883333 0.798438 0.880556 0.814063 0.866667 0.820833 0.847222 0.829688 0.847222 0.840625 0.830556 0.845833 0.802778 0.871875 0.791667
2 0.596354 0.791667 0.634896 0.791667 0.732292 0.811111 0.800000 0.811111 0.818750 0.786111 0.820312 0.773148 0.845833 0.725000 0.851042 0.741667 0.859375 0.741667 0.859375 0.704630 0.813542 0.704630 0.813542 0.717593 0.805208 0.732407 0.797396 0.737963 0.763021 0.740741 0.655208 0.737963 0.628125 0.725926 0.642188 0.722222 0.643750 0.704630 0.596354 0.704630
2 0.602604 0.730556 0.630208 0.730556 0.649479 0.738889 0.701042 0.741667 0.796875 0.738889 0.809375 0.727778 0.817187 0.706481 0.828125 0.694444 0.832812 0.678704 0.839063 0.672222 0.839063 0.660185 0.602604 0.660185
2 0.440104 0.390741 0.440104 0.483333 0.467187 0.483333 0.467187 0.468519 0.460938 0.450926 0.463021 0.447222 0.504687 0.438889 0.519271 0.430556 0.619271 0.419444 0.624479 0.427778 0.664583 0.430556 0.684375 0.438889 0.684375 0.424074 0.642188 0.395370 0.647396 0.388889 0.667708 0.388889 0.676042 0.397222 0.684375 0.397222 0.684375 0.371296 0.519792 0.371296 0.519792 0.381481 0.514583 0.385185
2 0.878125 0.771296 0.840104 0.771296 0.833854 0.803704 0.808333 0.854630 0.797396 0.862963 0.736458 0.862963 0.738021 0.847222 0.756250 0.833333 0.753125 0.818519 0.652604 0.804630 0.663542 0.819444 0.719271 0.833333 0.724479 0.842593 0.698958 0.857407 0.596354 0.851852 0.596354 0.880556 0.602604 0.881481 0.605729 0.908333 0.624479 0.917593 0.611979 0.924074 0.610417 0.972222 0.631250 0.972222 0.618750 0.939815 0.627083 0.922222 0.672917 0.936111 0.756771 0.938889 0.786979 0.958333 0.801562 0.958333 0.821875 0.906481 0.843750 0.883333 0.840625 0.859259 0.864583 0.819444 0.878125 0.816667 0.878125 0.807407 0.871875 0.806481 0.878125 0.805556
2 0.477604 0.537963 0.477604 0.550000 0.480729 0.552778 0.508854 0.555556 0.542708 0.552778 0.547917 0.563889 0.554167 0.567593 0.555729 0.581481 0.543229 0.590741 0.541667 0.597222 0.546354 0.602778 0.579167 0.611111 0.614062 0.608333 0.634375 0.602778 0.648958 0.591667 0.662500 0.591667 0.673958 0.583333 0.684375 0.583333 0.684375 0.537963
2 0.685417 0.501852 0.685417 0.530556 0.688542 0.538889 0.788021 0.533333 0.801042 0.537037 0.788542 0.540741 0.783854 0.549074 0.783854 0.561111 0.853125 0.561111 0.853125 0.543519 0.817708 0.543519 0.804688 0.537037 0.819271 0.525000 0.853125 0.519444 0.853125 0.471296 0.743229 0.471296 0.743229 0.481481 0.739583 0.485185 0.702083 0.490741 0.698438 0.484259 0.698438 0.471296 0.694792 0.471296 0.694792 0.484259 0.688542 0.490741
2 0.827604 0.126852 0.827604 0.213889 0.837500 0.213889 0.844271 0.202778 0.852604 0.213889 0.865625 0.213889 0.870833 0.208333 0.884375 0.205556 0.891146 0.197222 0.906250 0.194444 0.906250 0.190741 0.898438 0.185185 0.870833 0.190741 0.865625 0.181481 0.872396 0.175000 0.872917 0.177778 0.887500 0.175000 0.897396 0.166667 0.919271 0.166667 0.924479 0.173148 0.924479 0.184259 0.919792 0.190741 0.922917 0.205556 0.930208 0.211111 0.933854 0.219444 0.940625 0.219444 0.940625 0.174074 0.932813 0.170370 0.931250 0.154630 0.925000 0.139815 0.925000 0.126852 0.857292 0.126852 0.857292 0.137037 0.850521 0.143519 0.841146 0.140741 0.840625 0.126852
2 0.683854 0.308333 0.709375 0.305556 0.709896 0.302778 0.717187 0.302778 0.725521 0.297222 0.759375 0.291667 0.759896 0.288889 0.787500 0.283333 0.788021 0.280556 0.810937 0.275000 0.811458 0.272222 0.834896 0.272222 0.842708 0.277778 0.844792 0.283333 0.853125 0.283333 0.853125 0.226852 0.758854 0.226852 0.758333 0.237963 0.743229 0.240741 0.731771 0.251852 0.697917 0.251852 0.689583 0.260185 0.683854 0.260185
2 0.433854 0.199074 0.433854 0.238889 0.448437 0.238889 0.525000 0.216667 0.563021 0.200000 0.597396 0.200000 0.645833 0.230556 0.666667 0.252778 0.684375 0.258333 0.684375 0.210185 0.673958 0.207407 0.662500 0.187963 0.648438 0.174074 0.627083 0.162963 0.623437 0.137963 0.529167 0.137963 0.528646 0.149074 0.519792 0.151852 0.511458 0.162963 0.460417 0.179630 0.443229 0.190741 0.439583 0.199074
2 0.683854 0.580556 0.765625 0.580556 0.861458 0.558333 0.903125 0.561111 0.931250 0.541667 0.929688 0.535185 0.901042 0.532407 0.845833 0.543519 0.820833 0.537963 0.816146 0.527778 0.856771 0.516667 0.904687 0.519444 0.939063 0.508333 0.939063 0.499074 0.932813 0.487963 0.884896 0.485185 0.882812 0.471296 0.744792 0.471296 0.741146 0.485185 0.716146 0.490741 0.700521 0.487963 0.698438 0.471296 0.694792 0.471296 0.691146 0.487963 0.683854 0.487963
2 0.871875 0.171296 0.785417 0.171296 0.785417 0.181481 0.781771 0.185185 0.751042 0.187963 0.742708 0.196296 0.719792 0.201852 0.713021 0.210185 0.694792 0.212963 0.691146 0.218519 0.683854 0.218519 0.683854 0.258333 0.721875 0.252778 0.753646 0.238889 0.820833 0.222222 0.841146 0.227778 0.865104 0.255556 0.871875 0.255556 0.871875 0.224074 0.865625 0.223148 0.866146 0.216667 0.871875 0.216667
2 0.790104 0.093519 0.790104 0.172222 0.828646 0.163889 0.838542 0.181481 0.838542 0.194444 0.853125 0.194444 0.854688 0.175926 0.860938 0.172222 0.864062 0.160185 0.845833 0.157407 0.840625 0.150926 0.841146 0.147222 0.869271 0.136111 0.916146 0.127778 0.926042 0.142593 0.926042 0.163889 0.932292 0.178704 0.932292 0.194444 0.940625 0.194444 0.940625 0.149074 0.934896 0.149074 0.931250 0.142593 0.934375 0.122222 0.934375 0.093519
2 0.683854 0.355556 0.693750 0.355556 0.700521 0.350000 0.720313 0.350000 0.728646 0.344444 0.743750 0.344444 0.744271 0.341667 0.762500 0.341667 0.772396 0.333333 0.798438 0.330556 0.808333 0.322222 0.841146 0.322222 0.847917 0.330556 0.859896 0.336111 0.861979 0.341667 0.871875 0.341667 0.871875 0.299074 0.863021 0.296296 0.860938 0.292593 0.860938 0.282407 0.747917 0.282407 0.747917 0.292593 0.742708 0.307407 0.730729 0.312963 0.720833 0.326852 0.707292 0.329630 0.698958 0.340741 0.695833 0.340741 0.690625 0.329630 0.683854 0.329630
