2 0.198437 0.679630 0.194271 0.679630 0.182812 0.667593 0.181250 0.659259 0.187500 0.650000 0.182812 0.637037 0.182812 0.626852 0.152604 0.626852 0.152604 0.637037 0.148958 0.640741 0.129167 0.646296 0.106771 0.660185 0.094792 0.660185 0.091146 0.665741 0.082292 0.668519 0.080729 0.675000 0.086979 0.681481 0.078646 0.687963 0.047917 0.696296 0.041146 0.704630 0.033333 0.707407 0.000000 0.707407 0.000000 0.736111 0.015625 0.738889 0.036458 0.733333 0.101562 0.730556 0.139583 0.711111 0.187500 0.697222 0.198437 0.686111
2 0.002604 0.666667 0.089063 0.661111 0.094271 0.655556 0.120313 0.650000 0.131771 0.641667 0.185938 0.627778 0.185938 0.612037 0.189062 0.600000 0.189062 0.571296 0.113542 0.571296 0.113021 0.582407 0.102083 0.585185 0.059896 0.582407 0.059375 0.571296 0.002604 0.571296 0.002604 0.591667 0.013542 0.595370 0.010417 0.596296 0.010417 0.611111 0.013542 0.617593 0.008333 0.626852 0.002604 0.626852
2 0.002604 0.179630 0.002604 0.252778 0.042188 0.244444 0.067708 0.230556 0.103646 0.230556 0.122396 0.236111 0.126042 0.241667 0.147396 0.241667 0.157292 0.247222 0.175000 0.247222 0.189583 0.236111 0.197917 0.241667 0.215625 0.236111 0.215625 0.215741 0.195833 0.210185 0.175000 0.190741 0.163021 0.187963 0.148438 0.176852 0.141146 0.176852 0.135937 0.170370 0.135937 0.160185 0.027604 0.160185 0.027604 0.170370 0.023958 0.174074
2 0.002604 0.326852 0.002604 0.338889 0.009896 0.338889 0.019792 0.348148 0.016146 0.357407 0.002604 0.357407 0.002604 0.386111 0.040625 0.383333 0.055208 0.375000 0.116146 0.375000 0.144792 0.383333 0.206250 0.388889 0.209375 0.377778 0.209375 0.357407 0.204687 0.332407 0.188021 0.329630 0.178125 0.321296 0.130208 0.318519 0.123438 0.314815 0.123438 0.304630 0.035417 0.304630 0.035417 0.314815 0.031771 0.318519
2 0.000000 0.860185 0.000000 0.999074 0.415625 0.999074 0.415625 0.860185 0.383854 0.860185 0.380208 0.882407 0.369271 0.885185 0.292708 0.871296 0.292187 0.860185 0.207292 0.860185 0.206771 0.871296 0.172396 0.887963 0.157812 0.873148 0.157812 0.860185 0.082292 0.860185 0.081771 0.871296 0.069271 0.871296 0.068750 0.860185 0.026042 0.860185 0.025521 0.871296 0.008333 0.876852 0.006250 0.860185
2 0.690104 0.771296 0.690104 0.838889 0.770312 0.838889 0.770833 0.827778 0.773438 0.827778 0.773958 0.825000 0.778125 0.825000 0.779687 0.822222 0.779687 0.817593 0.784896 0.808333 0.790625 0.808333 0.790625 0.771296
2 0.002604 0.591667 0.030208 0.591667 0.030729 0.594444 0.106250 0.588889 0.111458 0.583333 0.150000 0.577778 0.152083 0.572222 0.190625 0.569444 0.204687 0.561111 0.196875 0.539815 0.204687 0.527778 0.204687 0.515741 0.035417 0.515741 0.034896 0.526852 0.021354 0.529630 0.019271 0.535185 0.011458 0.540741 0.002604 0.540741
2 0.002604 0.257407 0.002604 0.322222 0.010937 0.322222 0.020833 0.313889 0.046875 0.313889 0.056771 0.305556 0.081771 0.302778 0.124479 0.313889 0.152083 0.313889 0.196354 0.330556 0.215625 0.327778 0.215625 0.282407 0.209896 0.282407 0.206250 0.271296 0.195833 0.268519 0.187500 0.260185 0.136458 0.243519 0.131250 0.237037 0.131250 0.226852 0.054167 0.226852 0.052083 0.240741 0.044792 0.240741 0.014583 0.257407
2 0.000000 0.816667 0.082812 0.808333 0.125521 0.788889 0.167187 0.780556 0.206250 0.752778 0.207813 0.732407 0.203125 0.712963 0.195312 0.706481 0.195312 0.693519 0.161979 0.693519 0.158333 0.707407 0.129167 0.712963 0.119271 0.724074 0.091146 0.735185 0.045833 0.735185 0.045833 0.725000 0.069271 0.711111 0.129688 0.708333 0.129688 0.693519 0.000000 0.693519 0.000000 0.741667 0.033854 0.745370 0.013021 0.776852 0.000000 0.776852
2 0.002604 0.461111 0.056250 0.452778 0.072396 0.444444 0.100521 0.444444 0.115104 0.450000 0.143750 0.450000 0.158333 0.444444 0.206250 0.447222 0.209896 0.441667 0.215625 0.441667 0.215625 0.415741 0.209375 0.414815 0.204687 0.382407 0.188542 0.382407 0.188542 0.392593 0.184896 0.396296 0.170833 0.396296 0.167187 0.392593 0.167187 0.382407 0.071354 0.382407 0.071354 0.392593 0.067708 0.396296 0.043229 0.401852 0.041667 0.408333 0.045833 0.415741 0.002604 0.424074
2 0.690104 0.715741 0.690104 0.777778 0.695833 0.777778 0.699479 0.784259 0.699479 0.794444 0.706250 0.794444 0.706250 0.784259 0.709896 0.777778 0.717187 0.777778 0.717708 0.775000 0.728646 0.775000 0.729167 0.777778 0.767188 0.777778 0.767708 0.775000 0.775000 0.775000 0.775521 0.772222 0.778125 0.772222 0.779687 0.769444 0.779687 0.764815 0.781250 0.763889 0.781250 0.749074 0.779687 0.748148 0.779687 0.740741 0.775000 0.737037 0.775000 0.734259 0.776563 0.733333 0.776563 0.715741
2 0.002604 0.760185 0.002604 0.822222 0.013542 0.825926 0.008333 0.837963 0.002604 0.837963 0.002604 0.883333 0.047396 0.869444 0.087500 0.877778 0.128646 0.866667 0.144271 0.869444 0.146354 0.888889 0.160938 0.894444 0.215625 0.869444 0.215625 0.760185 0.171354 0.760185 0.171354 0.770370 0.166146 0.776852 0.115104 0.790741 0.103646 0.801852 0.083333 0.807407 0.028646 0.807407 0.040625 0.800000 0.045312 0.784259 0.053125 0.775000 0.053125 0.760185
2 0.683854 0.688889 0.702083 0.688889 0.702604 0.691667 0.746875 0.691667 0.747396 0.688889 0.759375 0.688889 0.759896 0.686111 0.765625 0.686111 0.773438 0.672222 0.773438 0.659259 0.775000 0.658333 0.775000 0.653704 0.777083 0.650000 0.784375 0.650000 0.784375 0.637963 0.683854 0.637963
2 0.000000 0.536111 0.012500 0.536111 0.019271 0.530556 0.058333 0.522222 0.134375 0.516667 0.144271 0.508333 0.201563 0.511111 0.204687 0.508333 0.207813 0.491667 0.207813 0.449074 0.007292 0.449074 0.007292 0.459259 0.000000 0.462963
2 0.683854 0.682407 0.683854 0.713889 0.690104 0.714815 0.690104 0.725000 0.691667 0.725926 0.691667 0.750000 0.717187 0.750000 0.717187 0.739815 0.719271 0.736111 0.729688 0.736111 0.730208 0.733333 0.760938 0.733333 0.761458 0.730556 0.770312 0.730556 0.770833 0.727778 0.773438 0.727778 0.778125 0.719444 0.778125 0.710185 0.776563 0.709259 0.775000 0.699074 0.771875 0.695370 0.771875 0.682407
2 0.000000 0.082407 0.000000 0.177778 0.072396 0.152778 0.179688 0.188889 0.185938 0.186111 0.184375 0.170370 0.189583 0.163889 0.199479 0.175926 0.197917 0.197222 0.223438 0.200000 0.270313 0.175000 0.267188 0.160185 0.243750 0.139815 0.245833 0.130556 0.278646 0.144444 0.280729 0.156481 0.276042 0.172222 0.285938 0.175000 0.289062 0.166667 0.289062 0.110185 0.278125 0.092593 0.278125 0.082407 0.222917 0.082407 0.222396 0.093519 0.216146 0.093519 0.215625 0.082407 0.174479 0.082407 0.174479 0.094444 0.193229 0.117593 0.191146 0.132407 0.131771 0.096296 0.129688 0.082407 0.035417 0.082407 0.031771 0.099074 0.005208 0.107407 0.004687 0.082407
2 0.002604 0.040741 0.002604 0.091667 0.023958 0.086111 0.066667 0.098148 0.052083 0.115741 0.002604 0.110185 0.002604 0.175000 0.070833 0.147222 0.209375 0.202778 0.242188 0.186111 0.243750 0.179630 0.228646 0.169444 0.257812 0.166667 0.236458 0.125000 0.278646 0.144444 0.282292 0.172222 0.289062 0.161111 0.285938 0.099074 0.181771 0.026852 0.182812 0.004630 0.158854 0.004630 0.158854 0.016667 0.180208 0.030556 0.182292 0.050000 0.202083 0.061111 0.208854 0.073148 0.206771 0.082407 0.123958 0.043519 0.104688 0.025926 0.106250 0.004630 0.052604 0.004630 0.052604 0.014815 0.041146 0.026852
2 0.496354 0.162963 0.496354 0.186111 0.534375 0.183333 0.542708 0.175000 0.559375 0.172222 0.559896 0.169444 0.600521 0.166667 0.605208 0.169444 0.608854 0.180556 0.613542 0.184259 0.615104 0.197222 0.622917 0.217593 0.622917 0.227778 0.634375 0.227778 0.634375 0.207407 0.628646 0.207407 0.618750 0.189815 0.620833 0.177778 0.634375 0.180556 0.634375 0.154630 0.627604 0.154630 0.622396 0.165741 0.620313 0.164815 0.612500 0.137037 0.615625 0.127778 0.615625 0.115741 0.552604 0.115741 0.554167 0.142593 0.552083 0.146296 0.544792 0.146296 0.541146 0.160185 0.533854 0.157407 0.527083 0.162963 0.510417 0.162963 0.509896 0.165741
2 0.690104 0.852778 0.717187 0.852778 0.719271 0.847222 0.721875 0.847222 0.725521 0.841667 0.742708 0.838889 0.743229 0.841667 0.747396 0.841667 0.749479 0.847222 0.752083 0.847222 0.754167 0.850926 0.754167 0.855556 0.759896 0.858333 0.761979 0.862037 0.761979 0.872222 0.776563 0.872222 0.776563 0.862037 0.779687 0.855556 0.779687 0.845370 0.781250 0.844444 0.779687 0.814815 0.783333 0.808333 0.790625 0.808333 0.790625 0.782407 0.690104 0.782407
