2 0.204687 0.704630 0.179167 0.704630 0.179167 0.714815 0.170833 0.724074 0.126042 0.732407 0.106771 0.740741 0.000000 0.746296 0.000000 0.836111 0.010937 0.838889 0.033333 0.830556 0.085938 0.827778 0.160938 0.813889 0.173958 0.797222 0.189062 0.786111 0.197396 0.766667 0.206250 0.758333 0.207813 0.746296
2 0.002604 0.293519 0.002604 0.369444 0.153646 0.363889 0.161979 0.375000 0.181771 0.388889 0.188542 0.400000 0.203125 0.400000 0.203125 0.382407 0.196875 0.381481 0.193750 0.357407 0.190625 0.351852 0.167708 0.354630 0.159375 0.348148 0.170833 0.338889 0.179688 0.341667 0.192188 0.336111 0.195312 0.327778 0.192188 0.293519
2 0.002604 0.049074 0.002604 0.138889 0.069271 0.133333 0.147396 0.141667 0.155208 0.147222 0.166667 0.164815 0.171354 0.186111 0.174479 0.187037 0.176042 0.197222 0.188542 0.220370 0.190104 0.238889 0.196875 0.238889 0.196875 0.171296 0.190625 0.170370 0.185938 0.143519 0.176563 0.125926 0.173437 0.114815 0.173437 0.093519 0.162500 0.070370 0.160938 0.049074
2 0.002604 0.215741 0.002604 0.288889 0.046875 0.286111 0.063021 0.280556 0.134896 0.283333 0.152083 0.291667 0.166667 0.316667 0.186458 0.336111 0.188542 0.350000 0.196875 0.350000 0.196875 0.285185 0.189583 0.285185 0.189062 0.279630 0.181250 0.270370 0.181250 0.262963 0.170313 0.250926 0.170313 0.243519 0.164062 0.237037 0.164062 0.229630 0.157812 0.225926 0.157812 0.215741
2 0.002604 0.744444 0.110937 0.736111 0.170313 0.722222 0.192188 0.705556 0.194271 0.700000 0.209375 0.697222 0.209375 0.682407 0.197396 0.685185 0.195312 0.681481 0.196875 0.670370 0.203646 0.658333 0.209375 0.658333 0.209375 0.637963 0.176042 0.637963 0.175521 0.649074 0.163021 0.654630 0.116146 0.654630 0.112500 0.650926 0.112500 0.637963 0.094792 0.637963 0.094792 0.652778 0.106771 0.658333 0.103646 0.662963 0.052604 0.662963 0.024479 0.671296 0.016667 0.676852 0.009896 0.707407 0.002604 0.707407
2 0.002604 0.600000 0.025000 0.600000 0.052083 0.591667 0.106250 0.591667 0.133333 0.586111 0.187500 0.583333 0.209375 0.575000 0.209375 0.560185 0.203125 0.559259 0.201563 0.540741 0.198437 0.534259 0.198437 0.515741 0.085417 0.515741 0.082292 0.537037 0.077083 0.543519 0.068229 0.546296 0.063021 0.560185 0.036979 0.565741 0.019271 0.574074 0.002604 0.574074
2 0.002604 0.004630 0.002604 0.061111 0.020833 0.058333 0.030729 0.066667 0.054688 0.066667 0.061458 0.061111 0.077083 0.058333 0.130208 0.058333 0.144271 0.063889 0.161458 0.083333 0.169792 0.100926 0.171354 0.116667 0.179167 0.137037 0.179167 0.150000 0.190625 0.150000 0.190625 0.035185 0.184896 0.035185 0.175000 0.017593 0.175000 0.004630
2 0.002604 0.137963 0.002604 0.216667 0.144271 0.216667 0.167708 0.241667 0.183854 0.270370 0.183854 0.283333 0.196875 0.283333 0.196875 0.224074 0.189062 0.220370 0.175000 0.179630 0.170313 0.173148 0.170833 0.166667 0.181250 0.158333 0.181250 0.137963
2 0.203125 0.793519 0.168229 0.793519 0.168229 0.803704 0.159896 0.812963 0.120833 0.826852 0.101042 0.824074 0.080208 0.829630 0.002604 0.835185 0.002604 0.938889 0.035937 0.938889 0.036458 0.927778 0.063021 0.913889 0.090625 0.911111 0.117708 0.900000 0.160938 0.897222 0.167187 0.891667 0.191146 0.844444 0.194792 0.875000 0.203125 0.875000
2 0.002604 0.374074 0.002604 0.447222 0.104688 0.447222 0.147396 0.438889 0.178646 0.452778 0.195833 0.469444 0.196354 0.483333 0.203125 0.483333 0.203125 0.410185 0.194271 0.407407 0.190625 0.393519 0.184896 0.393519 0.175000 0.384259 0.178646 0.377778 0.190625 0.380556 0.193750 0.375000 0.193750 0.360185 0.029167 0.360185 0.028646 0.371296
2 0.002604 0.582407 0.002604 0.602778 0.029167 0.603704 0.016146 0.618519 0.002604 0.621296 0.002604 0.683333 0.010937 0.683333 0.011458 0.672222 0.036458 0.663889 0.079687 0.661111 0.111458 0.652778 0.171875 0.652778 0.209375 0.633333 0.209375 0.582407
2 0.415104 0.815741 0.415104 0.852778 0.421354 0.853704 0.422917 0.877778 0.430729 0.903704 0.422917 0.918519 0.421354 0.953704 0.415104 0.954630 0.415104 0.972222 0.520312 0.972222 0.520312 0.962037 0.527083 0.958333 0.671875 0.950000 0.671875 0.882407 0.659896 0.887963 0.608333 0.885185 0.604688 0.873148 0.620313 0.861111 0.617188 0.849074 0.561979 0.843519 0.503646 0.857407 0.470833 0.857407 0.467187 0.848148 0.482812 0.838889 0.485938 0.815741
2 0.002604 0.449074 0.002604 0.511111 0.055208 0.505556 0.065104 0.514815 0.050521 0.521296 0.002604 0.524074 0.002604 0.561111 0.040625 0.561111 0.042708 0.547222 0.058333 0.536111 0.079687 0.533333 0.084375 0.527778 0.082812 0.517593 0.089583 0.513889 0.183333 0.522222 0.191667 0.528704 0.191667 0.561111 0.200000 0.561111 0.198437 0.471296 0.189062 0.459259 0.189062 0.449074
