2 0.002604 0.071296 0.002604 0.147222 0.195833 0.152778 0.211979 0.167593 0.219792 0.216667 0.234375 0.216667 0.234375 0.185185 0.226562 0.181481 0.225000 0.135185 0.209375 0.089815 0.209375 0.071296 0.029167 0.071296 0.029167 0.086111 0.032292 0.089815 0.030208 0.096296 0.009896 0.093519 0.017188 0.083333 0.017188 0.071296
2 0.002604 0.741667 0.064583 0.736111 0.140625 0.736111 0.158333 0.727778 0.201563 0.719444 0.229687 0.697222 0.233333 0.686111 0.240625 0.686111 0.240625 0.668519 0.232813 0.664815 0.232813 0.649074 0.076042 0.649074 0.075521 0.660185 0.064583 0.665741 0.019792 0.671296 0.009896 0.679630 0.002604 0.679630
2 0.000000 0.704630 0.000000 0.836111 0.059896 0.822222 0.135937 0.816667 0.192188 0.805556 0.213021 0.794444 0.222396 0.794444 0.232292 0.808333 0.240625 0.808333 0.240625 0.704630 0.210417 0.704630 0.210417 0.714815 0.203646 0.721296 0.176042 0.724074 0.142708 0.740741 0.108333 0.743519 0.009896 0.737963 0.007812 0.725926 0.017188 0.716667 0.017188 0.704630
2 0.002604 0.149074 0.002604 0.227778 0.197396 0.227778 0.221354 0.262037 0.221354 0.283333 0.234375 0.283333 0.234375 0.226852 0.226562 0.223148 0.217188 0.181481 0.218750 0.168519 0.214062 0.162037 0.214062 0.149074
2 0.002604 0.293519 0.002604 0.375000 0.131250 0.369444 0.155208 0.363889 0.171354 0.372222 0.200521 0.375000 0.219792 0.394444 0.234375 0.394444 0.234375 0.357407 0.228646 0.357407 0.220312 0.342593 0.220833 0.333333 0.234375 0.333333 0.234375 0.318519 0.226042 0.318519 0.214583 0.329630 0.206250 0.310185 0.198437 0.303704 0.198437 0.293519
1 0.985938 0.004630 0.929167 0.004630 0.918229 0.035185 0.927604 0.317593 0.920833 0.354630 0.888542 0.371296 0.893229 0.492593 0.886979 0.516667 0.901042 0.539815 0.894792 0.572222 0.904167 0.609259 0.874479 0.660185 0.872917 0.725926 0.754167 0.737963 0.715104 0.757407 0.715104 0.775000 0.836458 0.783333 0.852604 0.819444 0.877604 0.827778 0.999479 0.827778 0.999479 0.476852 0.990625 0.464815 0.999479 0.427778 0.999479 0.196296 0.989062 0.170370 0.999479 0.082407 0.989062 0.053704
2 0.013542 0.586111 0.021354 0.602778 0.039062 0.602778 0.083333 0.591667 0.132812 0.591667 0.169271 0.583333 0.221875 0.580556 0.228125 0.575000 0.228125 0.568519 0.220312 0.543519 0.215625 0.537037 0.220833 0.530556 0.226562 0.530556 0.228125 0.515741 0.094792 0.515741 0.092708 0.529630 0.066146 0.537963 0.057813 0.532407 0.036979 0.529630 0.030729 0.535185 0.030729 0.541667 0.041667 0.548148 0.038542 0.559259 0.025521 0.571296 0.019792 0.571296
2 0.002604 0.582407 0.002604 0.600000 0.033854 0.606481 0.032292 0.617593 0.018229 0.624074 0.011458 0.632407 0.002604 0.632407 0.002604 0.672222 0.054688 0.669444 0.091146 0.655556 0.210938 0.644444 0.220312 0.638889 0.220312 0.621296 0.217188 0.614815 0.218750 0.582407
2 0.002604 0.371296 0.002604 0.447222 0.048438 0.450000 0.189583 0.441667 0.203646 0.444444 0.227604 0.469444 0.240625 0.466667 0.240625 0.418519 0.231771 0.415741 0.220312 0.396296 0.209896 0.396296 0.184896 0.385185 0.182812 0.371296
2 0.002604 0.226852 0.002604 0.305556 0.156771 0.294444 0.195833 0.302778 0.202083 0.308333 0.218229 0.338889 0.234375 0.344444 0.234375 0.274074 0.228646 0.274074 0.223438 0.260185 0.214062 0.250926 0.217188 0.226852
2 0.202604 0.994444 0.254688 0.994444 0.255208 0.983333 0.282813 0.980556 0.306771 0.972222 0.331250 0.975000 0.367708 0.966667 0.446875 0.961111 0.446875 0.915741 0.210417 0.915741 0.208854 0.931481 0.202604 0.932407
2 0.002604 0.004630 0.002604 0.072222 0.128646 0.072222 0.140104 0.077778 0.170833 0.080556 0.203646 0.100000 0.204167 0.105556 0.218229 0.125926 0.218229 0.138889 0.228125 0.138889 0.228125 0.037963 0.221875 0.037037 0.217188 0.017593 0.217188 0.004630
3 0.985938 0.004630 0.927604 0.004630 0.918229 0.035185 0.926042 0.325926 0.922396 0.351852 0.888542 0.368519 0.890104 0.487037 0.872396 0.518519 0.863542 0.504630 0.855729 0.524074 0.897917 0.537037 0.886979 0.563889 0.899479 0.603704 0.855729 0.607407 0.844792 0.635185 0.863542 0.648148 0.852604 0.663889 0.865104 0.689815 0.865104 0.723148 0.749479 0.737963 0.715104 0.760185 0.715104 0.772222 0.839583 0.783333 0.852604 0.819444 0.999479 0.830556 0.999479 0.187963 0.992188 0.173148 0.999479 0.074074
2 0.002604 0.449074 0.002604 0.516667 0.009896 0.516667 0.018229 0.525926 0.002604 0.529630 0.002604 0.561111 0.056250 0.561111 0.054688 0.546296 0.047396 0.546296 0.043750 0.539815 0.048958 0.530556 0.089583 0.519444 0.202083 0.516667 0.207292 0.528704 0.201042 0.546296 0.201042 0.561111 0.234375 0.561111 0.232813 0.532407 0.228125 0.517593 0.232813 0.508333 0.232813 0.474074 0.229687 0.465741 0.220312 0.459259 0.220312 0.449074
