2 0.383854 0.191667 0.392188 0.191667 0.394271 0.186111 0.396875 0.186111 0.398438 0.170370 0.408333 0.136111 0.427083 0.122222 0.469271 0.130556 0.484896 0.138889 0.486979 0.144444 0.520833 0.144444 0.521354 0.147222 0.536458 0.147222 0.536979 0.150000 0.553125 0.150000 0.553125 0.124074 0.547396 0.124074 0.545312 0.115741 0.539062 0.110185 0.519271 0.107407 0.503125 0.099074 0.478646 0.096296 0.459375 0.085185 0.413542 0.082407 0.397917 0.107407 0.397917 0.112037 0.391146 0.124074 0.383854 0.124074
2 0.427604 0.672222 0.517188 0.672222 0.517188 0.660185 0.510938 0.649074 0.486458 0.649074 0.485938 0.646296 0.473958 0.643519 0.472396 0.638889 0.490625 0.636111 0.491146 0.633333 0.542188 0.630556 0.548958 0.625000 0.562500 0.622222 0.565625 0.619444 0.565625 0.612963 0.560937 0.603704 0.560937 0.593519 0.427604 0.593519
2 0.427604 0.627778 0.559375 0.627778 0.560937 0.604630 0.559375 0.601852 0.553646 0.601852 0.548438 0.595370 0.568750 0.586111 0.570312 0.583333 0.570312 0.560185 0.427604 0.560185
2 0.427604 0.616667 0.546875 0.616667 0.547396 0.594444 0.556250 0.591667 0.556771 0.588889 0.567187 0.588889 0.567708 0.586111 0.570312 0.586111 0.570312 0.578704 0.572396 0.575000 0.578125 0.575000 0.578125 0.568519 0.572396 0.568519 0.570312 0.562037 0.570312 0.537963 0.427604 0.537963
2 0.421354 0.504630 0.421354 0.547222 0.429167 0.548148 0.428646 0.551852 0.421354 0.551852 0.421354 0.572222 0.567187 0.572222 0.565625 0.551852 0.557292 0.549074 0.552083 0.554630 0.540625 0.548148 0.546875 0.544444 0.548958 0.538889 0.564063 0.538889 0.567187 0.530556 0.567187 0.504630 0.521354 0.504630 0.521354 0.514815 0.517708 0.518519 0.509896 0.515741 0.509375 0.504630
2 0.408854 0.772222 0.420833 0.772222 0.424479 0.781481 0.424479 0.794444 0.442188 0.794444 0.442708 0.783333 0.454688 0.780556 0.454688 0.775926 0.458333 0.769444 0.506250 0.763889 0.517708 0.755556 0.531250 0.755556 0.531771 0.752778 0.542188 0.752778 0.542708 0.750000 0.548438 0.750000 0.555208 0.744444 0.565625 0.744444 0.570833 0.738889 0.584375 0.738889 0.584375 0.726852 0.408854 0.726852
2 0.390104 0.187963 0.390104 0.258333 0.404687 0.255556 0.407813 0.237037 0.422396 0.219444 0.481771 0.219444 0.521354 0.230556 0.544271 0.230556 0.544792 0.233333 0.548438 0.230556 0.546875 0.207407 0.539062 0.199074 0.518750 0.195370 0.520833 0.191667 0.542188 0.191667 0.546875 0.186111 0.543750 0.176852 0.531771 0.171296 0.531250 0.160185 0.399479 0.160185 0.397917 0.184259 0.395833 0.187963
2 0.421354 0.694444 0.445312 0.694444 0.445833 0.683333 0.453646 0.683333 0.454167 0.694444 0.473438 0.694444 0.473958 0.683333 0.476562 0.683333 0.486458 0.672222 0.509375 0.669444 0.509896 0.666667 0.518750 0.666667 0.519271 0.663889 0.537500 0.663889 0.538021 0.661111 0.543750 0.661111 0.544271 0.658333 0.551562 0.658333 0.552083 0.655556 0.557813 0.652778 0.557813 0.646296 0.554688 0.640741 0.547396 0.637963 0.546875 0.626852 0.505729 0.626852 0.505208 0.637963 0.484896 0.637963 0.484375 0.626852 0.421354 0.626852
2 0.415104 0.471296 0.415104 0.550000 0.568750 0.550000 0.570312 0.471296
2 0.402604 0.738889 0.464062 0.738889 0.464062 0.726852 0.460938 0.724074 0.423958 0.718519 0.421875 0.714815 0.422396 0.705556 0.426042 0.711111 0.454688 0.711111 0.491146 0.697222 0.514062 0.694444 0.523958 0.686111 0.539062 0.686111 0.546875 0.680556 0.546875 0.675926 0.550000 0.672222 0.550000 0.660185 0.526042 0.660185 0.525521 0.671296 0.513021 0.671296 0.512500 0.660185 0.402604 0.660185
2 0.408854 0.471296 0.408854 0.527778 0.571875 0.527778 0.571875 0.437963 0.482292 0.437963 0.481771 0.449074 0.469792 0.451852 0.461458 0.460185 0.444792 0.460185 0.444271 0.462963 0.433854 0.462963 0.433333 0.465741
2 0.415104 0.772222 0.451562 0.772222 0.451562 0.760185 0.434896 0.754630 0.431250 0.750926 0.433333 0.747222 0.445312 0.744444 0.445833 0.741667 0.456250 0.741667 0.461458 0.736111 0.510938 0.733333 0.520833 0.722222 0.528125 0.722222 0.528646 0.719444 0.554688 0.719444 0.569271 0.708333 0.578125 0.708333 0.578125 0.693519 0.446354 0.693519 0.445833 0.704630 0.439583 0.704630 0.439063 0.693519 0.415104 0.693519
2 0.383854 0.201852 0.383854 0.255556 0.391146 0.255556 0.394792 0.261111 0.403125 0.258333 0.409375 0.234259 0.419271 0.222222 0.486458 0.222222 0.516667 0.230556 0.541146 0.230556 0.544792 0.234259 0.544792 0.239815 0.541146 0.243519 0.499479 0.246296 0.497917 0.252778 0.535417 0.261111 0.551562 0.258333 0.551562 0.243519 0.548438 0.239815 0.548438 0.212963 0.537500 0.199074 0.514583 0.193519 0.514062 0.182407 0.394792 0.182407 0.394792 0.192593 0.389583 0.201852
2 0.410417 0.476852 0.410417 0.494444 0.464062 0.494444 0.464583 0.483333 0.485938 0.483333 0.486458 0.480556 0.503646 0.480556 0.505729 0.484259 0.505729 0.494444 0.571875 0.494444 0.571875 0.415741 0.472917 0.415741 0.471354 0.448148 0.458333 0.460185 0.443229 0.460185 0.442708 0.462963 0.433854 0.462963 0.433333 0.465741 0.426042 0.465741 0.425521 0.468519 0.416667 0.468519 0.416146 0.471296 0.411979 0.471296
2 0.427604 0.650000 0.467187 0.650000 0.467187 0.639815 0.470313 0.638889 0.470833 0.636111 0.535937 0.630556 0.536458 0.627778 0.542188 0.627778 0.545833 0.622222 0.557813 0.619444 0.557813 0.612963 0.542708 0.607407 0.540625 0.603704 0.540625 0.593519 0.515104 0.593519 0.514583 0.604630 0.507292 0.604630 0.500521 0.615741 0.494792 0.615741 0.494271 0.618519 0.467708 0.618519 0.467187 0.615741 0.464583 0.615741 0.464062 0.612037 0.470313 0.605556 0.470313 0.593519 0.454167 0.593519 0.454167 0.603704 0.451042 0.604630 0.450521 0.607407 0.427604 0.610185
2 0.383854 0.137963 0.383854 0.194444 0.390625 0.194444 0.394271 0.186111 0.396875 0.186111 0.396875 0.162963 0.395313 0.162037 0.398958 0.155556 0.409896 0.147222 0.415625 0.147222 0.420833 0.133333 0.429167 0.137037 0.428646 0.140741 0.426042 0.140741 0.424479 0.150000 0.430729 0.152778 0.459896 0.152778 0.460417 0.155556 0.477083 0.155556 0.477604 0.158333 0.496875 0.158333 0.497396 0.155556 0.522917 0.169444 0.553125 0.166667 0.553125 0.154630 0.547396 0.154630 0.545312 0.150926 0.546875 0.115741 0.393229 0.115741 0.391667 0.137037
2 0.396354 0.149074 0.396354 0.200000 0.404687 0.200000 0.405208 0.197222 0.409375 0.197222 0.409896 0.194444 0.414062 0.194444 0.419271 0.188889 0.429688 0.188889 0.430208 0.186111 0.464583 0.186111 0.465104 0.188889 0.480208 0.188889 0.480729 0.191667 0.488021 0.191667 0.488542 0.194444 0.494271 0.194444 0.494792 0.197222 0.506771 0.197222 0.507292 0.200000 0.544271 0.200000 0.544792 0.202778 0.553125 0.202778 0.553125 0.176852 0.545833 0.176852 0.542188 0.170370 0.543750 0.149074
