2 0.035417 0.521296 0.035417 0.547222 0.036979 0.548148 0.038542 0.555556 0.042708 0.555556 0.043229 0.558333 0.084896 0.558333 0.085417 0.561111 0.100521 0.561111 0.101042 0.572222 0.104688 0.572222 0.105208 0.561111 0.113021 0.561111 0.113542 0.572222 0.117188 0.572222 0.117708 0.561111 0.121875 0.561111 0.122396 0.558333 0.137500 0.558333 0.138021 0.555556 0.143750 0.555556 0.144271 0.552778 0.146875 0.552778 0.148438 0.539815 0.150000 0.538889 0.150000 0.504630 0.041667 0.504630 0.041667 0.514815 0.038542 0.515741
4 0.365625 0.715741 0.319792 0.715741 0.319271 0.729630 0.316667 0.729630 0.313021 0.735185 0.308854 0.735185 0.308333 0.737963 0.299479 0.737963 0.298958 0.740741 0.252604 0.740741 0.252604 0.805556 0.258854 0.806481 0.260417 0.844444 0.261979 0.847222 0.301563 0.847222 0.302083 0.844444 0.306250 0.844444 0.309896 0.838889 0.315625 0.838889 0.316146 0.836111 0.339062 0.833333 0.339583 0.830556 0.346875 0.830556 0.347396 0.827778 0.354687 0.825000 0.357812 0.816667 0.359375 0.773148 0.365625 0.772222
4 0.253125 0.749074 0.213542 0.749074 0.213021 0.760185 0.201042 0.760185 0.200521 0.762963 0.163542 0.762963 0.163021 0.765741 0.155729 0.765741 0.155208 0.768519 0.141146 0.768519 0.140625 0.765741 0.138021 0.768519 0.127604 0.768519 0.127604 0.800000 0.133333 0.800000 0.135417 0.803704 0.136979 0.863889 0.144792 0.872222 0.190625 0.872222 0.191146 0.869444 0.210938 0.869444 0.211458 0.866667 0.217188 0.866667 0.222396 0.861111 0.239063 0.855556 0.245312 0.841667 0.245312 0.789815 0.246875 0.788889 0.247396 0.777778 0.253125 0.777778
2 0.033854 0.337963 0.033854 0.355556 0.039583 0.355556 0.043229 0.369444 0.047917 0.375000 0.064583 0.377778 0.065104 0.380556 0.089583 0.380556 0.104167 0.391667 0.134896 0.391667 0.136979 0.395370 0.105729 0.396296 0.105208 0.399074 0.096354 0.396296 0.095833 0.399074 0.068229 0.401852 0.065104 0.404630 0.065104 0.416667 0.153125 0.416667 0.153125 0.349074 0.145833 0.349074 0.145313 0.337963
2 0.027604 0.071296 0.027604 0.105556 0.036458 0.105556 0.036979 0.108333 0.064583 0.108333 0.065104 0.111111 0.070833 0.111111 0.071354 0.113889 0.075521 0.113889 0.076042 0.116667 0.084896 0.116667 0.085417 0.119444 0.089583 0.119444 0.096354 0.127778 0.102083 0.127778 0.102604 0.130556 0.111458 0.133333 0.115104 0.138889 0.125521 0.141667 0.132292 0.150000 0.141146 0.152778 0.146354 0.161111 0.159375 0.163889 0.159375 0.135185 0.153646 0.135185 0.153125 0.124074 0.145313 0.110185 0.139583 0.107407 0.134375 0.099074 0.127083 0.099074 0.126562 0.096296 0.123958 0.096296 0.114062 0.085185 0.106771 0.082407 0.106250 0.071296
2 0.033854 0.282407 0.033854 0.330556 0.077083 0.333333 0.077604 0.336111 0.086458 0.336111 0.086979 0.338889 0.092708 0.338889 0.093229 0.341667 0.122396 0.344444 0.122917 0.347222 0.125521 0.347222 0.129167 0.352778 0.144271 0.355556 0.144792 0.358333 0.153125 0.358333 0.153125 0.282407
2 0.046354 0.401852 0.046354 0.405556 0.048958 0.405556 0.049479 0.408333 0.053646 0.408333 0.054167 0.411111 0.056771 0.411111 0.060417 0.416667 0.067708 0.416667 0.068229 0.419444 0.080208 0.419444 0.080729 0.422222 0.091146 0.422222 0.091667 0.425000 0.103646 0.425000 0.104167 0.427778 0.109896 0.427778 0.110417 0.430556 0.119271 0.430556 0.119792 0.433333 0.146875 0.433333 0.147396 0.430556 0.153125 0.430556 0.153125 0.371296 0.085417 0.371296 0.084896 0.382407 0.079687 0.381481 0.079687 0.371296 0.057292 0.371296 0.057292 0.391667 0.058854 0.392593 0.056771 0.396296 0.054167 0.396296 0.053646 0.399074
2 0.040104 0.722222 0.047396 0.722222 0.049479 0.725926 0.049479 0.738889 0.084375 0.738889 0.084375 0.728704 0.089583 0.722222 0.100000 0.719444 0.100521 0.716667 0.104688 0.716667 0.108333 0.711111 0.114062 0.711111 0.114583 0.708333 0.123438 0.708333 0.123958 0.705556 0.126562 0.705556 0.130208 0.700000 0.140625 0.697222 0.145833 0.688889 0.153125 0.688889 0.153125 0.671296 0.072917 0.671296 0.072396 0.682407 0.066146 0.682407 0.065625 0.671296 0.040104 0.671296 0.040104 0.688889 0.047396 0.688889 0.047917 0.691667 0.051042 0.692593 0.049479 0.700926 0.045833 0.707407 0.040104 0.707407
2 0.035417 0.521296 0.035417 0.547222 0.036979 0.548148 0.036979 0.552778 0.040104 0.558333 0.072396 0.558333 0.072917 0.561111 0.077604 0.562037 0.077604 0.572222 0.121875 0.572222 0.122396 0.561111 0.126562 0.561111 0.127083 0.558333 0.140625 0.558333 0.141146 0.555556 0.146875 0.552778 0.148438 0.539815 0.150000 0.538889 0.150000 0.504630 0.038542 0.504630 0.038542 0.514815
2 0.033854 0.204630 0.033854 0.247222 0.080208 0.247222 0.080729 0.250000 0.088021 0.250000 0.088542 0.252778 0.094271 0.252778 0.099479 0.258333 0.111458 0.261111 0.115104 0.266667 0.125521 0.269444 0.126042 0.272222 0.133333 0.272222 0.133854 0.275000 0.141146 0.275000 0.141667 0.277778 0.148438 0.277778 0.148438 0.273148 0.150000 0.272222 0.150000 0.251852 0.148438 0.250926 0.148438 0.246296 0.141146 0.243519 0.140625 0.240741 0.134896 0.240741 0.132812 0.237037 0.132812 0.231481 0.134896 0.227778 0.142187 0.227778 0.148438 0.219444 0.148438 0.204630 0.118229 0.204630 0.118229 0.216667 0.122917 0.225000 0.126042 0.225926 0.123958 0.229630 0.114583 0.229630 0.110937 0.225926 0.109375 0.218519 0.098958 0.218519 0.095312 0.214815 0.095312 0.204630
2 0.033854 0.237963 0.033854 0.255556 0.041667 0.256481 0.041146 0.262963 0.033854 0.262963 0.033854 0.286111 0.041146 0.286111 0.041667 0.288889 0.064583 0.288889 0.065104 0.291667 0.080208 0.291667 0.080729 0.294444 0.105208 0.297222 0.105729 0.300000 0.109896 0.300000 0.113542 0.305556 0.119271 0.305556 0.119792 0.308333 0.131771 0.308333 0.132292 0.311111 0.138021 0.311111 0.138542 0.313889 0.144271 0.313889 0.144792 0.316667 0.153125 0.316667 0.153125 0.237963
2 0.021354 0.104630 0.021354 0.163889 0.077083 0.161111 0.077604 0.163889 0.083333 0.163889 0.093229 0.175000 0.097396 0.175000 0.101042 0.180556 0.117708 0.186111 0.118229 0.188889 0.122396 0.188889 0.126042 0.194444 0.134896 0.197222 0.135417 0.200000 0.142708 0.202778 0.143229 0.205556 0.148438 0.205556 0.151562 0.197222 0.153125 0.168519 0.146875 0.157407 0.144271 0.157407 0.140625 0.151852 0.136458 0.151852 0.134375 0.146296 0.130208 0.146296 0.129688 0.143519 0.116146 0.140741 0.110937 0.132407 0.102083 0.129630 0.092188 0.118519 0.086458 0.118519 0.084375 0.114815 0.084375 0.104630
2 0.000000 0.460185 0.000000 0.505556 0.023958 0.505556 0.024479 0.508333 0.031250 0.508333 0.031771 0.505556 0.056250 0.508333 0.059896 0.505556 0.060417 0.508333 0.100521 0.511111 0.105208 0.513889 0.105208 0.518519 0.074479 0.526852 0.074479 0.538889 0.148438 0.538889 0.148438 0.507407 0.145313 0.503704 0.150000 0.486111 0.148438 0.460185
2 0.054167 0.415741 0.054167 0.427778 0.055729 0.428704 0.055729 0.436111 0.057292 0.437037 0.057292 0.445370 0.055729 0.446296 0.057292 0.452778 0.064583 0.455556 0.065104 0.458333 0.069271 0.458333 0.069792 0.461111 0.084896 0.461111 0.085417 0.463889 0.122396 0.463889 0.122917 0.466667 0.136458 0.466667 0.136979 0.469444 0.141146 0.469444 0.143229 0.473148 0.143229 0.481481 0.139583 0.487963 0.133854 0.487963 0.130729 0.493519 0.130729 0.505556 0.148438 0.505556 0.148438 0.479630 0.146875 0.478704 0.148438 0.437963 0.146875 0.437037 0.146875 0.432407 0.139583 0.432407 0.139063 0.429630 0.114583 0.429630 0.114062 0.426852 0.110937 0.425926 0.110937 0.415741
2 0.021354 0.168519 0.021354 0.205556 0.073958 0.202778 0.111458 0.222222 0.119792 0.230556 0.131771 0.233333 0.138542 0.241667 0.148438 0.244444 0.150000 0.238889 0.150000 0.218519 0.146875 0.210185 0.142708 0.210185 0.140625 0.204630 0.133333 0.204630 0.125000 0.193519 0.113021 0.190741 0.109375 0.182407 0.100521 0.179630 0.095312 0.173148 0.097396 0.163889 0.103646 0.161111 0.108854 0.166667 0.125521 0.172222 0.133854 0.180556 0.146875 0.180556 0.150000 0.171296 0.142187 0.162037 0.142187 0.149074 0.033854 0.149074 0.031771 0.165741
2 0.002604 0.096296 0.002604 0.155556 0.011458 0.155556 0.011979 0.158333 0.016146 0.158333 0.016667 0.161111 0.023438 0.161111 0.023958 0.158333 0.026562 0.158333 0.027083 0.155556 0.034375 0.155556 0.034375 0.112963 0.027083 0.112963 0.026562 0.110185 0.025000 0.109259 0.025000 0.107407 0.022396 0.107407 0.021875 0.104630 0.020313 0.103704 0.020313 0.101852 0.017708 0.101852 0.017188 0.099074 0.009896 0.099074 0.009375 0.096296
2 0.016667 0.037963 0.016667 0.048148 0.015104 0.049074 0.014583 0.051852 0.002604 0.051852 0.002604 0.100000 0.011458 0.100000 0.011979 0.102778 0.013542 0.103704 0.013542 0.105556 0.021875 0.105556 0.021875 0.100926 0.023438 0.100000 0.023438 0.095370 0.025000 0.094444 0.025000 0.068519 0.023958 0.068519 0.023438 0.065741 0.022396 0.065741 0.021875 0.062963 0.020833 0.062963 0.020313 0.060185 0.018750 0.059259 0.018750 0.056481 0.020313 0.055556 0.020833 0.052778 0.023438 0.052778 0.023438 0.037963
