4 0.314063 0.693519 0.260417 0.693519 0.259896 0.704630 0.252083 0.707407 0.232292 0.707407 0.222396 0.712963 0.210417 0.712963 0.203646 0.718519 0.157292 0.721296 0.152083 0.726852 0.127604 0.729630 0.127604 0.811111 0.141667 0.816667 0.179688 0.813889 0.218750 0.802778 0.220833 0.797222 0.227604 0.802778 0.234375 0.802778 0.238021 0.794444 0.270313 0.788889 0.284896 0.780556 0.304688 0.777778 0.309375 0.772222 0.312500 0.761111
2 0.046354 0.482407 0.046354 0.522222 0.056771 0.522222 0.057292 0.525000 0.083333 0.525000 0.083854 0.527778 0.091146 0.527778 0.091667 0.538889 0.134375 0.538889 0.134375 0.482407
2 0.002604 0.226852 0.002604 0.263889 0.011458 0.263889 0.011979 0.266667 0.017708 0.266667 0.018229 0.269444 0.022396 0.269444 0.022917 0.272222 0.027083 0.272222 0.027604 0.275000 0.043750 0.275000 0.043750 0.273148 0.045312 0.272222 0.045312 0.270370 0.046875 0.269444 0.047396 0.266667 0.053125 0.266667 0.053125 0.246296 0.039583 0.246296 0.039062 0.243519 0.033333 0.243519 0.032813 0.240741 0.030208 0.240741 0.029687 0.237963 0.022396 0.237963 0.021875 0.235185 0.016146 0.235185 0.015625 0.232407 0.011458 0.232407 0.010937 0.229630 0.009375 0.228704 0.009375 0.226852
2 0.054167 0.304630 0.054167 0.330556 0.055729 0.331481 0.055729 0.336111 0.057292 0.338889 0.064583 0.338889 0.065104 0.341667 0.078646 0.341667 0.079167 0.344444 0.086458 0.344444 0.086979 0.347222 0.092708 0.347222 0.093229 0.350000 0.097396 0.350000 0.097917 0.352778 0.111458 0.352778 0.111979 0.355556 0.119271 0.355556 0.119792 0.358333 0.128646 0.358333 0.130729 0.362037 0.130729 0.372222 0.140625 0.372222 0.140625 0.304630
2 0.126562 0.749074 0.097917 0.749074 0.097917 0.759259 0.094792 0.760185 0.094271 0.762963 0.090104 0.762963 0.089583 0.765741 0.079167 0.765741 0.078646 0.768519 0.058854 0.768519 0.058854 0.808333 0.084375 0.808333 0.084896 0.805556 0.089063 0.805556 0.091146 0.800000 0.093750 0.800000 0.094271 0.797222 0.100000 0.797222 0.100521 0.794444 0.103125 0.794444 0.103646 0.791667 0.106250 0.791667 0.106771 0.788889 0.109375 0.788889 0.109896 0.786111 0.114062 0.786111 0.114583 0.783333 0.120313 0.783333 0.120833 0.780556 0.123438 0.780556 0.123438 0.778704 0.126562 0.775000
2 0.046354 0.529630 0.046354 0.558333 0.056771 0.558333 0.057292 0.561111 0.072396 0.561111 0.072917 0.572222 0.126562 0.572222 0.127083 0.561111 0.134375 0.561111 0.134375 0.515741 0.055729 0.515741 0.055729 0.525926 0.054167 0.526852 0.053646 0.529630
2 0.046354 0.226852 0.046354 0.269444 0.064583 0.269444 0.065104 0.272222 0.070833 0.272222 0.071354 0.275000 0.081771 0.275000 0.082292 0.277778 0.088021 0.277778 0.088542 0.280556 0.098958 0.283333 0.099479 0.286111 0.108333 0.286111 0.108854 0.288889 0.113021 0.288889 0.113542 0.291667 0.116146 0.291667 0.119792 0.297222 0.123958 0.297222 0.124479 0.300000 0.128125 0.300000 0.129688 0.297222 0.129688 0.268519 0.120833 0.265741 0.115625 0.257407 0.103646 0.257407 0.103125 0.254630 0.100521 0.254630 0.098437 0.250926 0.100521 0.247222 0.107813 0.247222 0.108333 0.244444 0.110417 0.247222 0.131250 0.247222 0.132812 0.239815 0.134375 0.238889 0.134375 0.226852
4 0.228125 0.704630 0.207292 0.704630 0.207292 0.714815 0.204167 0.715741 0.203646 0.718519 0.157292 0.721296 0.153646 0.726852 0.127604 0.729630 0.127604 0.811111 0.134896 0.811111 0.135417 0.813889 0.142708 0.813889 0.143229 0.816667 0.159375 0.816667 0.159896 0.813889 0.178125 0.813889 0.178646 0.811111 0.190625 0.811111 0.191146 0.808333 0.198437 0.808333 0.198958 0.805556 0.210938 0.805556 0.211458 0.802778 0.218750 0.800000 0.221875 0.794444 0.221875 0.765741 0.220312 0.764815 0.220312 0.759259 0.221875 0.758333 0.221875 0.742593 0.228125 0.741667
2 0.000000 0.482407 0.000000 0.527778 0.006250 0.527778 0.006771 0.525000 0.025000 0.525000 0.025521 0.522222 0.045312 0.522222 0.047396 0.519444 0.047917 0.522222 0.056771 0.525000 0.058854 0.528704 0.058854 0.538889 0.129688 0.538889 0.131250 0.482407
2 0.002604 0.171296 0.002604 0.225000 0.009896 0.225000 0.010417 0.227778 0.014583 0.227778 0.015104 0.230556 0.022396 0.230556 0.022917 0.233333 0.025521 0.233333 0.026042 0.236111 0.028646 0.236111 0.029167 0.238889 0.034896 0.238889 0.035417 0.241667 0.045312 0.241667 0.045833 0.238889 0.053125 0.238889 0.053125 0.190741 0.034896 0.190741 0.034375 0.187963 0.023958 0.187963 0.023438 0.185185 0.017708 0.185185 0.017188 0.182407 0.015625 0.181481 0.015625 0.171296
2 0.033854 0.160185 0.033854 0.188889 0.040625 0.188889 0.045833 0.177778 0.051042 0.188889 0.061458 0.191667 0.061979 0.194444 0.073958 0.194444 0.074479 0.197222 0.080208 0.197222 0.082292 0.202778 0.086458 0.202778 0.086979 0.205556 0.094271 0.205556 0.094792 0.208333 0.098958 0.208333 0.101042 0.213889 0.105208 0.213889 0.105729 0.216667 0.113021 0.216667 0.113542 0.219444 0.117708 0.219444 0.118229 0.222222 0.125521 0.225000 0.126042 0.227778 0.131250 0.227778 0.134896 0.222222 0.140625 0.222222 0.140625 0.207407 0.134896 0.207407 0.132812 0.203704 0.132812 0.196296 0.131250 0.193519 0.128646 0.193519 0.126562 0.187963 0.122396 0.187963 0.121875 0.185185 0.116146 0.185185 0.114062 0.179630 0.111458 0.179630 0.110937 0.176852 0.100521 0.174074 0.098437 0.170370 0.098437 0.160185
