2 0.033854 0.682407 0.033854 0.719444 0.156771 0.705556 0.168229 0.725926 0.166146 0.737963 0.157292 0.740741 0.152083 0.751852 0.093229 0.782407 0.094792 0.791667 0.104167 0.794444 0.148958 0.780556 0.189062 0.780556 0.303125 0.747222 0.303125 0.682407 0.252604 0.682407 0.252083 0.693519 0.228646 0.707407 0.183333 0.696296 0.182812 0.682407
2 0.027604 0.574074 0.027604 0.594444 0.053125 0.594444 0.053125 0.570370 0.070833 0.561111 0.213021 0.558333 0.216667 0.562037 0.208333 0.574074 0.188542 0.579630 0.186979 0.594444 0.296875 0.594444 0.296875 0.560185 0.290625 0.559259 0.291146 0.550000 0.296875 0.550000 0.296875 0.510185 0.283333 0.515741 0.272396 0.504630 0.268750 0.495370 0.270313 0.471296 0.224479 0.471296 0.224479 0.481481 0.206771 0.504630 0.169271 0.521296 0.115625 0.485185 0.095833 0.482407 0.095312 0.471296 0.088542 0.471296 0.088021 0.482407 0.041667 0.490741 0.033854 0.512963 0.036979 0.567593
2 0.040104 0.894444 0.053125 0.894444 0.053646 0.883333 0.078646 0.872222 0.117188 0.872222 0.164583 0.855556 0.228125 0.847222 0.270833 0.827778 0.296875 0.827778 0.303646 0.811111 0.309375 0.811111 0.309375 0.776852 0.303125 0.775926 0.301563 0.749074 0.257292 0.749074 0.257292 0.759259 0.203646 0.779630 0.147917 0.782407 0.111458 0.793519 0.107813 0.781481 0.117188 0.772222 0.120313 0.749074 0.040104 0.749074 0.040104 0.800000 0.113542 0.803704 0.103646 0.821296 0.073438 0.815741 0.040104 0.821296
2 0.021354 0.204630 0.024479 0.227778 0.036979 0.241667 0.117708 0.241667 0.144792 0.250000 0.275000 0.261111 0.284896 0.244444 0.290625 0.244444 0.290625 0.232407 0.284375 0.231481 0.282813 0.196296 0.279687 0.190741 0.225521 0.190741 0.214062 0.181481 0.225521 0.172222 0.281771 0.175000 0.290625 0.180556 0.290625 0.160185 0.041667 0.160185 0.041667 0.170370
2 0.040104 0.893519 0.040104 0.997222 0.235937 0.994444 0.309375 0.952778 0.309375 0.893519 0.266667 0.893519 0.266146 0.904630 0.247396 0.915741 0.208333 0.926852 0.177083 0.924074 0.173437 0.917593 0.176563 0.893519
2 0.027604 0.249074 0.027604 0.316667 0.069271 0.319444 0.121354 0.336111 0.204687 0.338889 0.290625 0.327778 0.290625 0.279630 0.282813 0.275926 0.281250 0.249074 0.216667 0.249074 0.216146 0.260185 0.209896 0.260185 0.209375 0.249074 0.177604 0.249074 0.177083 0.260185 0.103646 0.262963 0.096875 0.259259 0.096875 0.249074
2 0.010417 0.126852 0.010417 0.138889 0.017708 0.141667 0.022917 0.152778 0.044792 0.161111 0.134896 0.166667 0.216667 0.183333 0.278125 0.188889 0.278125 0.082407 0.043229 0.082407 0.041146 0.096296 0.019792 0.104630 0.021354 0.114815
2 0.303125 0.646296 0.295312 0.642593 0.293750 0.615741 0.210417 0.615741 0.209896 0.626852 0.194792 0.629630 0.180729 0.646296 0.182292 0.664815 0.180208 0.671296 0.144792 0.679630 0.130208 0.690741 0.110417 0.693519 0.104167 0.705556 0.121875 0.708333 0.122396 0.705556 0.150000 0.705556 0.161458 0.700000 0.254688 0.691667 0.261458 0.686111 0.290625 0.677778 0.295833 0.672222 0.303125 0.672222
2 0.033854 0.560185 0.033854 0.644444 0.219271 0.622222 0.220833 0.626852 0.196354 0.637963 0.191667 0.646296 0.191667 0.661111 0.296875 0.661111 0.296875 0.560185 0.135417 0.560185 0.134896 0.571296 0.116667 0.579630 0.103646 0.604630 0.083333 0.593519 0.068750 0.570370 0.068750 0.560185
2 0.027604 0.410185 0.027604 0.475000 0.046875 0.475000 0.064583 0.463889 0.128646 0.466667 0.180208 0.480556 0.157292 0.487963 0.155729 0.505556 0.290625 0.505556 0.290625 0.487963 0.234375 0.484259 0.255208 0.472222 0.290625 0.472222 0.290625 0.412963 0.282292 0.412963 0.282292 0.439815 0.277083 0.446296 0.241146 0.449074 0.202083 0.440741 0.198958 0.436111 0.210938 0.433333 0.214062 0.424074 0.198437 0.415741 0.182292 0.421296 0.180208 0.437963 0.164583 0.440741 0.109375 0.407407
2 0.046354 0.826852 0.046354 0.866667 0.069271 0.866667 0.082292 0.878704 0.075521 0.893519 0.046354 0.882407 0.046354 0.999074 0.067187 0.999074 0.059375 0.984259 0.061458 0.969444 0.240625 0.922222 0.272396 0.902778 0.286979 0.914815 0.284896 0.926852 0.243229 0.940741 0.179167 0.986111 0.237500 0.986111 0.296875 0.955556 0.304688 0.933333 0.307812 0.826852 0.249479 0.826852 0.247396 0.840741 0.113021 0.874074 0.081771 0.868519 0.082812 0.846296 0.069271 0.840741 0.067187 0.826852
2 0.027604 0.326852 0.027604 0.400000 0.059375 0.400000 0.059896 0.397222 0.079687 0.397222 0.080208 0.394444 0.100521 0.394444 0.101042 0.397222 0.132812 0.394444 0.138021 0.386111 0.159375 0.386111 0.162500 0.383333 0.162500 0.379630 0.144271 0.379630 0.143750 0.376852 0.116146 0.371296 0.129688 0.369444 0.135937 0.363889 0.137500 0.357407 0.131250 0.346296 0.114583 0.343519 0.112500 0.337037 0.112500 0.326852
