2 0.196875 0.801852 0.191146 0.801852 0.182812 0.787037 0.181250 0.771296 0.136979 0.771296 0.136458 0.782407 0.117708 0.790741 0.090104 0.793519 0.077083 0.801852 0.040104 0.804630 0.043229 0.817593 0.038021 0.840741 0.021354 0.843519 0.011458 0.851852 0.000000 0.851852 0.000000 0.888889 0.010937 0.891667 0.019271 0.886111 0.064062 0.883333 0.078646 0.875000 0.126562 0.863889 0.148958 0.850000 0.196875 0.841667
2 0.176563 0.599074 0.171875 0.587963 0.165625 0.582407 0.142708 0.571296 0.142187 0.560185 0.115104 0.560185 0.115104 0.570370 0.108854 0.574074 0.102083 0.585185 0.094792 0.585185 0.091146 0.590741 0.080729 0.593519 0.080208 0.596296 0.058854 0.593519 0.058333 0.596296 0.044792 0.596296 0.034896 0.601852 0.016667 0.601852 0.016146 0.604630 0.000000 0.599074 0.000000 0.650000 0.017188 0.650000 0.017708 0.647222 0.034375 0.644444 0.034896 0.641667 0.125000 0.638889 0.125521 0.636111 0.160938 0.633333 0.175000 0.625000
2 0.000000 0.149074 0.000000 0.236111 0.041146 0.238889 0.058854 0.244444 0.089583 0.244444 0.147917 0.255556 0.162500 0.255556 0.164583 0.250000 0.171875 0.250000 0.171875 0.193519 0.166146 0.193519 0.157812 0.173148 0.162500 0.161111 0.162500 0.149074 0.115104 0.149074 0.115104 0.163889 0.119792 0.170370 0.119271 0.174074 0.085938 0.165741 0.069271 0.165741 0.062500 0.159259 0.062500 0.149074
2 0.000000 0.501852 0.000000 0.594444 0.176563 0.594444 0.176563 0.576852 0.171875 0.562037 0.176563 0.541667 0.176563 0.507407 0.171875 0.493519 0.161979 0.496296 0.155208 0.507407 0.144271 0.507407 0.139583 0.504630 0.135937 0.493519 0.126562 0.487963 0.060417 0.485185 0.044792 0.493519 0.041146 0.499074 0.026042 0.499074 0.019271 0.504630
2 0.203125 0.849074 0.196875 0.848148 0.192188 0.837037 0.192188 0.826852 0.185417 0.826852 0.185417 0.837037 0.151042 0.849074 0.122396 0.868519 0.099479 0.871296 0.088021 0.879630 0.057292 0.882407 0.055208 0.887963 0.047396 0.890741 0.002604 0.885185 0.002604 0.900000 0.022917 0.903704 0.011458 0.926852 0.002604 0.926852 0.002604 0.999074 0.015625 0.999074 0.019271 0.991667 0.042188 0.986111 0.069271 0.966667 0.134375 0.941667 0.159896 0.925000 0.192188 0.922222 0.196875 0.911111 0.196875 0.870370 0.203125 0.869444
2 0.002604 0.085185 0.002604 0.152778 0.028646 0.152778 0.029167 0.155556 0.081771 0.163889 0.082292 0.166667 0.092708 0.166667 0.093229 0.169444 0.103646 0.169444 0.115104 0.175000 0.142708 0.175000 0.143229 0.177778 0.165625 0.175000 0.165625 0.151852 0.159375 0.150926 0.159375 0.137963 0.154688 0.125926 0.154688 0.100926 0.157812 0.088889 0.157812 0.071296 0.093229 0.071296 0.093229 0.081481 0.089583 0.085185 0.078646 0.085185 0.076563 0.081481 0.076563 0.071296 0.040104 0.071296 0.040104 0.081481 0.036458 0.085185 0.022917 0.085185 0.022396 0.087963 0.020313 0.085185
2 0.190625 0.737963 0.182812 0.734259 0.181250 0.712963 0.159375 0.704630 0.072917 0.718519 0.064583 0.732407 0.058854 0.735185 0.058854 0.741667 0.068229 0.748148 0.066146 0.754630 0.057292 0.754630 0.053646 0.760185 0.046354 0.760185 0.041146 0.765741 0.000000 0.762963 0.000000 0.811111 0.015625 0.811111 0.031771 0.802778 0.096875 0.794444 0.114583 0.786111 0.168750 0.772222 0.183333 0.761111 0.190625 0.761111
2 0.182812 0.674074 0.179688 0.651852 0.176563 0.640741 0.173437 0.639815 0.173437 0.626852 0.111979 0.626852 0.111979 0.637037 0.105208 0.640741 0.076042 0.643519 0.075521 0.646296 0.026042 0.646296 0.013021 0.654630 0.002604 0.654630 0.002604 0.725000 0.021875 0.725000 0.022396 0.722222 0.060937 0.719444 0.061458 0.716667 0.090625 0.716667 0.091146 0.713889 0.121875 0.713889 0.122396 0.711111 0.142187 0.705556 0.147396 0.700000 0.176563 0.697222 0.182812 0.688889
2 0.002604 0.004630 0.002604 0.063889 0.013021 0.063889 0.018229 0.069444 0.036458 0.072222 0.036979 0.075000 0.053646 0.077778 0.054167 0.080556 0.083333 0.083333 0.083854 0.086111 0.097396 0.088889 0.097917 0.091667 0.111458 0.091667 0.111979 0.094444 0.122396 0.094444 0.122917 0.097222 0.159375 0.105556 0.159375 0.024074 0.153125 0.023148 0.151562 0.004630
2 0.000000 0.415741 0.000000 0.477778 0.004167 0.480556 0.178125 0.477778 0.178125 0.410185 0.170833 0.410185 0.168750 0.406481 0.168750 0.393519 0.085417 0.393519 0.084896 0.404630 0.073958 0.404630 0.073438 0.393519 0.060417 0.393519 0.060417 0.403704 0.053646 0.418519 0.036458 0.421296 0.025000 0.415741 0.018229 0.415741 0.017708 0.418519
2 0.000000 0.915741 0.000000 0.999074 0.165625 0.999074 0.169271 0.991667 0.184375 0.988889 0.192188 0.983333 0.197396 0.972222 0.203125 0.972222 0.203125 0.915741 0.154167 0.915741 0.152083 0.929630 0.136458 0.940741 0.039583 0.971296 0.035937 0.959259 0.050521 0.941667 0.073438 0.933333 0.076563 0.927778 0.076563 0.915741
2 0.019792 0.326852 0.019792 0.338889 0.053646 0.338889 0.054167 0.341667 0.066146 0.341667 0.066667 0.344444 0.094271 0.347222 0.091146 0.354630 0.079167 0.357407 0.079167 0.362037 0.073958 0.371296 0.068229 0.374074 0.066146 0.379630 0.057292 0.382407 0.057292 0.386111 0.064583 0.388889 0.065104 0.394444 0.068229 0.397222 0.167187 0.402778 0.170313 0.394444 0.170313 0.354630 0.167187 0.342593 0.167187 0.326852
