2 0.777604 0.660185 0.777604 0.686111 0.784896 0.686111 0.785417 0.688889 0.795833 0.691667 0.796354 0.694444 0.814583 0.694444 0.815104 0.697222 0.827083 0.697222 0.827604 0.700000 0.836458 0.700000 0.836979 0.702778 0.909375 0.700000 0.909896 0.697222 0.931250 0.694444 0.934896 0.686111 0.935417 0.688889 0.946875 0.688889 0.946875 0.660185
2 0.796354 0.504630 0.796354 0.516667 0.830208 0.519444 0.830729 0.522222 0.839583 0.525000 0.838021 0.529630 0.833854 0.529630 0.833333 0.532407 0.810417 0.537963 0.810417 0.541667 0.814583 0.541667 0.819792 0.550000 0.830208 0.550000 0.830729 0.552778 0.898438 0.552778 0.898958 0.550000 0.915625 0.550000 0.916146 0.547222 0.929688 0.541667 0.931250 0.538889 0.931250 0.528704 0.932813 0.527778 0.931250 0.523148 0.931250 0.504630
2 0.702604 0.582407 0.702604 0.638889 0.742188 0.638889 0.742708 0.627778 0.748437 0.627778 0.748958 0.625000 0.759375 0.625000 0.759896 0.622222 0.779687 0.622222 0.780208 0.619444 0.785937 0.619444 0.786458 0.616667 0.789062 0.616667 0.791146 0.611111 0.796875 0.611111 0.796875 0.582407
2 0.783854 0.549074 0.783854 0.577778 0.791146 0.577778 0.791667 0.580556 0.798958 0.580556 0.799479 0.583333 0.809896 0.583333 0.810417 0.586111 0.839583 0.588889 0.840104 0.591667 0.850000 0.591667 0.850521 0.588889 0.869271 0.588889 0.869792 0.591667 0.873437 0.591667 0.873958 0.588889 0.918750 0.586111 0.919271 0.583333 0.928125 0.583333 0.931250 0.577778 0.931250 0.567593 0.932813 0.566667 0.932813 0.549074
2 0.321354 0.115741 0.321354 0.158333 0.327083 0.158333 0.327604 0.161111 0.364063 0.163889 0.364583 0.161111 0.379688 0.161111 0.380208 0.158333 0.395313 0.158333 0.395833 0.155556 0.420312 0.155556 0.420833 0.152778 0.434375 0.152778 0.434375 0.115741
2 0.321354 0.050000 0.332813 0.050000 0.333333 0.047222 0.340625 0.047222 0.341146 0.044444 0.346875 0.044444 0.347396 0.041667 0.378125 0.041667 0.378646 0.038889 0.396875 0.038889 0.397396 0.036111 0.397917 0.038889 0.418750 0.036111 0.419271 0.033333 0.423438 0.033333 0.426563 0.027778 0.428646 0.016667 0.434375 0.016667 0.434375 0.004630 0.321354 0.004630
2 0.702604 0.549074 0.702604 0.591667 0.709896 0.591667 0.710417 0.594444 0.720313 0.594444 0.720833 0.591667 0.735938 0.591667 0.736458 0.588889 0.754687 0.588889 0.755208 0.586111 0.776563 0.586111 0.777083 0.583333 0.789062 0.583333 0.789583 0.580556 0.796875 0.580556 0.796875 0.549074
2 0.321354 0.082407 0.321354 0.133333 0.329688 0.133333 0.330208 0.130556 0.334375 0.130556 0.334896 0.127778 0.348438 0.125000 0.348958 0.122222 0.367188 0.122222 0.367708 0.119444 0.428125 0.119444 0.428646 0.116667 0.434375 0.116667 0.434375 0.082407
2 0.696354 0.482407 0.696354 0.527778 0.729688 0.527778 0.730208 0.525000 0.743750 0.525000 0.744271 0.522222 0.754687 0.522222 0.755208 0.519444 0.770312 0.519444 0.770833 0.516667 0.773438 0.516667 0.773438 0.512037 0.775000 0.511111 0.775000 0.501852 0.773958 0.501852 0.773438 0.499074 0.759896 0.499074 0.759375 0.496296 0.756771 0.496296 0.756250 0.493519 0.754687 0.492593 0.754687 0.482407
2 0.315104 0.250000 0.339062 0.250000 0.339583 0.238889 0.343750 0.238889 0.344271 0.236111 0.356250 0.236111 0.356771 0.233333 0.375000 0.233333 0.375521 0.230556 0.420312 0.230556 0.420833 0.227778 0.429688 0.227778 0.431250 0.225000 0.431250 0.220370 0.432812 0.219444 0.432812 0.193519 0.315104 0.193519
2 0.788542 0.626852 0.788542 0.638889 0.794792 0.650000 0.813021 0.655556 0.813542 0.658333 0.817708 0.658333 0.821354 0.663889 0.830208 0.663889 0.830729 0.666667 0.853125 0.666667 0.853646 0.663889 0.906250 0.663889 0.906771 0.661111 0.923438 0.661111 0.923958 0.658333 0.929688 0.658333 0.932813 0.652778 0.931250 0.626852
2 0.777604 0.468519 0.777604 0.483333 0.805729 0.487037 0.803646 0.496296 0.777604 0.499074 0.777604 0.508333 0.792708 0.513889 0.794792 0.527778 0.931250 0.527778 0.931250 0.500926 0.934896 0.491667 0.940625 0.491667 0.940625 0.426852 0.929167 0.426852 0.929167 0.439815 0.925521 0.443519 0.882292 0.440741 0.867708 0.451852 0.843750 0.448148 0.853646 0.441667 0.870313 0.441667 0.871875 0.426852 0.783854 0.426852 0.783854 0.438889 0.786979 0.441667 0.805208 0.438889 0.838542 0.448148 0.819792 0.454630 0.808333 0.465741
2 0.558854 0.224074 0.558854 0.272222 0.614062 0.272222 0.614062 0.262037 0.620313 0.261111 0.620833 0.258333 0.657813 0.258333 0.658333 0.255556 0.668750 0.255556 0.669271 0.252778 0.675000 0.252778 0.676562 0.250000 0.676562 0.239815 0.678125 0.238889 0.678125 0.235185 0.676562 0.234259 0.676562 0.215741 0.675000 0.214815 0.675000 0.204630 0.591667 0.204630 0.591146 0.215741 0.583854 0.215741 0.583333 0.218519 0.569792 0.218519 0.569271 0.221296 0.565104 0.221296 0.564583 0.224074
2 0.690104 0.160185 0.690104 0.211111 0.715625 0.211111 0.716146 0.208333 0.748437 0.208333 0.748958 0.205556 0.771875 0.205556 0.772396 0.202778 0.803125 0.200000 0.803646 0.197222 0.806250 0.197222 0.807813 0.194444 0.807813 0.187963 0.806250 0.187037 0.807813 0.160185
2 0.321354 0.226852 0.321354 0.280556 0.410938 0.277778 0.411458 0.275000 0.425000 0.275000 0.425521 0.272222 0.432812 0.272222 0.434896 0.266667 0.440625 0.266667 0.440625 0.249074 0.434375 0.248148 0.434375 0.226852
2 0.321354 0.037963 0.321354 0.088889 0.328125 0.088889 0.328646 0.086111 0.346875 0.086111 0.347396 0.083333 0.371875 0.083333 0.372396 0.080556 0.387500 0.080556 0.388021 0.077778 0.401562 0.077778 0.402083 0.075000 0.409375 0.075000 0.409896 0.072222 0.411458 0.072222 0.411979 0.075000 0.420312 0.072222 0.420312 0.068519 0.417708 0.068519 0.417187 0.065741 0.409896 0.065741 0.407813 0.062037 0.414062 0.052778 0.414062 0.037963
2 0.708854 0.693519 0.708854 0.761111 0.775000 0.761111 0.775000 0.750926 0.777083 0.747222 0.779687 0.747222 0.780208 0.744444 0.815625 0.744444 0.816146 0.741667 0.820312 0.741667 0.821875 0.738889 0.822396 0.727778 0.828125 0.727778 0.828125 0.693519
2 0.321354 0.160185 0.321354 0.197222 0.389062 0.197222 0.389583 0.194444 0.425000 0.194444 0.425521 0.191667 0.434375 0.191667 0.434375 0.160185
2 0.794792 0.601852 0.794792 0.608333 0.797917 0.612037 0.797917 0.616667 0.802083 0.616667 0.802604 0.619444 0.811458 0.619444 0.811979 0.622222 0.817708 0.622222 0.818229 0.625000 0.828646 0.627778 0.829167 0.630556 0.868750 0.630556 0.869271 0.627778 0.890625 0.627778 0.891146 0.625000 0.906250 0.625000 0.906771 0.622222 0.928125 0.619444 0.928125 0.610185 0.925000 0.603704 0.925000 0.593519 0.923438 0.592593 0.923438 0.582407 0.802604 0.582407 0.802604 0.595370
2 0.690104 0.204630 0.690104 0.250000 0.723437 0.250000 0.723958 0.247222 0.767188 0.247222 0.767708 0.244444 0.804688 0.244444 0.805208 0.241667 0.807813 0.241667 0.809375 0.238889 0.809375 0.204630
2 0.802604 0.021296 0.802604 0.030556 0.808333 0.030556 0.811979 0.037037 0.811979 0.050000 0.865625 0.050000 0.866146 0.047222 0.873437 0.047222 0.873958 0.044444 0.887500 0.044444 0.888021 0.041667 0.922396 0.041667 0.922917 0.044444 0.927083 0.044444 0.927604 0.047222 0.934375 0.047222 0.934375 0.004630 0.810417 0.004630 0.810417 0.014815 0.808854 0.015741 0.808854 0.020370
2 0.696354 0.515741 0.696354 0.566667 0.714063 0.566667 0.714583 0.563889 0.718229 0.570370 0.718229 0.583333 0.740625 0.583333 0.740625 0.571296 0.739062 0.568519 0.736458 0.568519 0.735938 0.565741 0.731771 0.565741 0.731250 0.562963 0.722396 0.562963 0.722396 0.561111 0.728125 0.561111 0.728646 0.558333 0.740625 0.558333 0.741146 0.555556 0.753125 0.555556 0.753646 0.552778 0.770312 0.552778 0.770833 0.550000 0.776563 0.550000 0.776563 0.545370 0.778125 0.544444 0.778125 0.535185 0.776563 0.534259 0.776563 0.529630 0.775000 0.528704 0.775000 0.515741
2 0.690104 0.063889 0.715625 0.063889 0.716146 0.061111 0.756250 0.061111 0.756771 0.058333 0.762500 0.058333 0.763021 0.055556 0.768750 0.055556 0.769271 0.052778 0.781250 0.052778 0.781771 0.050000 0.798438 0.050000 0.798438 0.042593 0.800000 0.041667 0.800000 0.037037 0.801562 0.036111 0.801562 0.028704 0.803125 0.027778 0.803125 0.015741 0.690104 0.015741
2 0.777604 0.454630 0.777604 0.505556 0.932813 0.505556 0.932813 0.492593 0.934896 0.488889 0.940625 0.488889 0.940625 0.437963 0.811979 0.437963 0.811458 0.449074 0.807292 0.449074 0.802083 0.454630 0.791667 0.454630 0.791146 0.457407
2 0.808854 0.193519 0.808854 0.250000 0.864062 0.250000 0.864062 0.239815 0.870313 0.238889 0.870833 0.236111 0.912500 0.236111 0.913021 0.233333 0.926562 0.233333 0.927083 0.230556 0.934375 0.230556 0.934375 0.193519
2 0.927604 0.193519 0.927604 0.233333 0.936458 0.233333 0.936979 0.236111 0.946875 0.236111 0.947396 0.233333 0.992188 0.233333 0.992708 0.230556 0.999479 0.230556 0.999479 0.193519
2 0.702604 0.672222 0.745313 0.672222 0.745313 0.662037 0.748437 0.661111 0.748958 0.658333 0.754687 0.658333 0.755208 0.655556 0.765625 0.655556 0.766146 0.652778 0.779687 0.652778 0.779687 0.650926 0.782813 0.647222 0.782813 0.639815 0.784375 0.638889 0.784375 0.626852 0.702604 0.626852
2 0.177604 0.104630 0.177604 0.172222 0.210938 0.172222 0.211458 0.161111 0.223958 0.161111 0.224479 0.172222 0.240625 0.172222 0.240625 0.162037 0.246875 0.161111 0.247396 0.158333 0.259375 0.158333 0.259896 0.155556 0.268750 0.155556 0.269271 0.152778 0.295312 0.152778 0.295833 0.150000 0.303125 0.150000 0.303125 0.124074 0.296875 0.123148 0.296875 0.104630
2 0.690104 0.133333 0.707812 0.130556 0.707812 0.124074 0.703125 0.117593 0.703125 0.112037 0.706771 0.105556 0.714063 0.105556 0.714583 0.102778 0.756250 0.100000 0.756771 0.097222 0.789062 0.097222 0.789583 0.094444 0.815625 0.091667 0.815625 0.060185 0.690104 0.060185
2 0.790104 0.693519 0.790104 0.750000 0.879687 0.750000 0.879687 0.739815 0.883333 0.736111 0.893750 0.736111 0.894271 0.733333 0.929688 0.733333 0.934375 0.727778 0.934896 0.722222 0.935417 0.727778 0.938021 0.727778 0.938542 0.730556 0.946875 0.730556 0.946875 0.693519
2 0.783854 0.508333 0.791146 0.508333 0.796354 0.516667 0.834896 0.519444 0.847396 0.525000 0.847396 0.529630 0.811979 0.537963 0.811979 0.550000 0.928125 0.550000 0.928125 0.539815 0.931250 0.530556 0.931250 0.498148 0.933333 0.491667 0.938542 0.500000 0.946875 0.500000 0.946875 0.471296 0.815104 0.471296 0.815104 0.484259 0.809896 0.496296 0.803646 0.501852 0.783854 0.504630
2 0.783854 0.393519 0.783854 0.447222 0.810417 0.448148 0.803646 0.454630 0.783854 0.457407 0.783854 0.494444 0.940625 0.494444 0.940625 0.393519 0.891667 0.393519 0.891146 0.404630 0.866667 0.410185 0.859896 0.418519 0.817708 0.424074 0.795833 0.418519 0.795833 0.413889 0.805208 0.408333 0.850000 0.408333 0.851562 0.393519
2 0.696354 0.472222 0.706250 0.472222 0.706771 0.461111 0.718750 0.461111 0.719271 0.458333 0.737500 0.458333 0.738021 0.455556 0.750000 0.455556 0.750521 0.452778 0.760938 0.452778 0.761458 0.450000 0.773438 0.450000 0.773958 0.447222 0.776563 0.447222 0.778646 0.441667 0.784375 0.441667 0.784375 0.415741 0.696354 0.415741
2 0.690104 0.126852 0.690104 0.175000 0.729688 0.175000 0.730208 0.172222 0.745313 0.172222 0.745833 0.169444 0.756250 0.169444 0.756771 0.166667 0.776563 0.166667 0.777083 0.163889 0.815625 0.163889 0.815625 0.126852
2 0.690104 0.127778 0.698438 0.127778 0.698438 0.112037 0.702083 0.105556 0.710938 0.105556 0.711458 0.102778 0.728125 0.102778 0.728646 0.100000 0.754687 0.100000 0.755208 0.097222 0.785937 0.097222 0.786458 0.094444 0.809375 0.091667 0.809375 0.060185 0.690104 0.060185
2 0.440104 0.215741 0.440104 0.272222 0.559375 0.272222 0.559375 0.215741
2 0.791667 0.508333 0.804167 0.516667 0.842708 0.519444 0.843229 0.522222 0.856771 0.525000 0.852083 0.532407 0.818229 0.537963 0.818229 0.541667 0.820833 0.541667 0.824479 0.550000 0.864583 0.550000 0.865104 0.552778 0.907813 0.550000 0.926562 0.541667 0.929688 0.536111 0.931250 0.500926 0.934896 0.494444 0.940625 0.494444 0.940625 0.471296 0.883854 0.471296 0.883333 0.482407 0.852083 0.482407 0.851562 0.471296 0.827604 0.471296 0.827604 0.481481 0.819792 0.482407 0.814583 0.496296 0.805208 0.501852 0.794792 0.501852
2 0.696354 0.449074 0.696354 0.505556 0.731250 0.505556 0.731250 0.495370 0.734375 0.494444 0.734896 0.491667 0.742188 0.491667 0.742708 0.488889 0.750000 0.488889 0.750521 0.486111 0.756250 0.486111 0.756771 0.483333 0.759375 0.483333 0.759375 0.476852 0.757812 0.475926 0.757812 0.471296 0.756771 0.471296 0.756250 0.468519 0.754687 0.467593 0.754687 0.462963 0.752083 0.462963 0.751563 0.460185 0.750000 0.459259 0.750000 0.449074
2 0.791667 0.575000 0.794271 0.575000 0.794792 0.577778 0.802083 0.577778 0.804167 0.583333 0.813021 0.583333 0.813542 0.586111 0.828646 0.586111 0.829167 0.588889 0.895312 0.588889 0.895833 0.586111 0.915625 0.586111 0.916146 0.583333 0.923438 0.583333 0.928125 0.575000 0.928125 0.570370 0.929688 0.569444 0.929688 0.549074 0.810417 0.549074 0.809896 0.560185 0.807292 0.560185 0.803646 0.565741 0.793229 0.565741 0.791667 0.568519
2 0.808854 0.171296 0.808854 0.250000 0.862500 0.250000 0.862500 0.239815 0.867188 0.238889 0.867708 0.236111 0.879687 0.236111 0.880208 0.233333 0.925000 0.233333 0.928646 0.227778 0.934375 0.227778 0.934375 0.218519 0.928125 0.217593 0.928646 0.208333 0.934375 0.208333 0.934375 0.204630 0.928646 0.204630 0.928125 0.196296 0.926562 0.195370 0.928125 0.171296
2 0.808854 0.049074 0.808854 0.088889 0.895312 0.088889 0.895833 0.086111 0.934375 0.086111 0.934375 0.049074
2 0.690104 0.093519 0.690104 0.138889 0.698438 0.138889 0.698958 0.136111 0.731250 0.136111 0.731771 0.133333 0.765625 0.133333 0.766146 0.130556 0.798438 0.130556 0.798958 0.127778 0.815625 0.127778 0.815625 0.093519
2 0.708854 0.660185 0.708854 0.700000 0.750000 0.700000 0.750521 0.697222 0.760938 0.697222 0.761458 0.694444 0.775000 0.694444 0.775521 0.691667 0.779687 0.691667 0.780208 0.688889 0.782813 0.688889 0.784896 0.683333 0.790625 0.683333 0.790625 0.660185
2 0.802604 0.082407 0.802604 0.127778 0.809375 0.127778 0.809896 0.125000 0.815625 0.125000 0.816146 0.122222 0.828125 0.122222 0.828646 0.119444 0.909896 0.119444 0.910417 0.122222 0.940625 0.122222 0.940625 0.082407 0.830729 0.082407 0.830729 0.092593 0.824479 0.093519 0.823958 0.096296 0.816146 0.096296 0.814063 0.092593 0.814063 0.082407
2 0.708854 0.660185 0.708854 0.700000 0.748437 0.700000 0.748958 0.697222 0.760938 0.697222 0.761458 0.694444 0.775000 0.694444 0.775521 0.691667 0.779687 0.691667 0.783333 0.683333 0.784896 0.683333 0.785417 0.686111 0.788021 0.686111 0.788542 0.688889 0.797396 0.691667 0.797917 0.694444 0.815625 0.694444 0.815625 0.660185
