2 0.677604 0.726852 0.677604 0.819444 0.683333 0.819444 0.690104 0.830556 0.722917 0.844444 0.792708 0.852778 0.883854 0.880556 0.916146 0.883333 0.939583 0.894444 0.940104 0.905556 0.999479 0.905556 0.999479 0.754630 0.980208 0.754630 0.948438 0.740741 0.919271 0.746296 0.870833 0.743519 0.856771 0.737963 0.856250 0.726852
2 0.999479 0.371296 0.983333 0.374074 0.963542 0.362963 0.927083 0.376852 0.920312 0.370370 0.923438 0.357407 0.914583 0.351852 0.910937 0.337963 0.893229 0.337963 0.891146 0.351852 0.882292 0.349074 0.877083 0.357407 0.863021 0.357407 0.837500 0.337963 0.805729 0.343519 0.786979 0.360185 0.780208 0.374074 0.753646 0.382407 0.720833 0.379630 0.696875 0.362963 0.665104 0.362963 0.665104 0.483333 0.979688 0.458333 0.999479 0.447222
2 0.999479 0.000000 0.976042 0.000000 0.955208 0.024074 0.902604 0.035185 0.858854 0.057407 0.841667 0.079630 0.844792 0.088889 0.858854 0.095370 0.855208 0.107407 0.805729 0.135185 0.791146 0.157407 0.768229 0.157407 0.747396 0.171296 0.732812 0.162037 0.732812 0.143519 0.710938 0.132407 0.658854 0.140741 0.658854 0.227778 0.680729 0.244444 0.698438 0.247222 0.999479 0.152778
2 0.671354 0.499074 0.671354 0.597222 0.746354 0.605556 0.979688 0.605556 0.999479 0.597222 0.999479 0.499074 0.996875 0.498148 0.999479 0.471296 0.847917 0.471296 0.847396 0.482407 0.846875 0.471296 0.736979 0.471296 0.736458 0.482407 0.707292 0.485185
2 0.671354 0.604630 0.671354 0.636111 0.677604 0.637037 0.671354 0.637963 0.671354 0.705556 0.679167 0.709259 0.688542 0.738889 0.697396 0.727778 0.736458 0.722222 0.811979 0.736111 0.933333 0.738889 0.960417 0.750000 0.999479 0.752778 0.999479 0.654630 0.985938 0.637037 0.990625 0.604630 0.735417 0.604630 0.738542 0.639815 0.729167 0.649074 0.728646 0.662963 0.719271 0.662963 0.715625 0.649074 0.695312 0.637037 0.695312 0.625926 0.704688 0.619444 0.704688 0.604630
2 0.252604 0.815741 0.252604 0.927778 0.270833 0.919444 0.301042 0.952778 0.338021 0.972222 0.326042 0.994444 0.404687 0.994444 0.409375 0.945370 0.480208 0.955556 0.538542 0.988889 0.565625 0.988889 0.570833 0.958333 0.584896 0.955556 0.590104 0.962037 0.586979 0.994444 0.634375 0.999074 0.634375 0.937963 0.617188 0.928704 0.618750 0.890741 0.597396 0.907407 0.543750 0.892593 0.578125 0.886111 0.589063 0.872222 0.570312 0.834259 0.568750 0.815741 0.408854 0.815741 0.415104 0.847222 0.430208 0.851852 0.391146 0.840741 0.372396 0.826852 0.371875 0.815741
2 0.713542 0.882407 0.711979 0.913889 0.716667 0.938889 0.730208 0.941667 0.766667 0.969444 0.803125 0.969444 0.809375 0.946296 0.796875 0.917593 0.816146 0.913889 0.841667 0.928704 0.839583 0.940741 0.830729 0.946296 0.840104 0.988889 0.872917 0.999074 0.999479 0.999074 0.999479 0.849074 0.957292 0.849074 0.958854 0.863889 0.977083 0.866667 0.982292 0.886111 0.991667 0.892593 0.980208 0.901852 0.908333 0.893519 0.862500 0.871296 0.814583 0.860185 0.814063 0.849074 0.769792 0.849074 0.769792 0.859259 0.753646 0.879630 0.721354 0.871296
2 0.233854 0.916667 0.264062 0.916667 0.272396 0.872222 0.291667 0.881481 0.290104 0.916667 0.306250 0.916667 0.306250 0.892593 0.317708 0.886111 0.371354 0.916667 0.514062 0.916667 0.492188 0.885185 0.436458 0.885185 0.414583 0.855556 0.491146 0.872222 0.501042 0.891667 0.572396 0.891667 0.561979 0.916667 0.629687 0.916667 0.628125 0.846296 0.618229 0.849074 0.619271 0.885185 0.597396 0.890741 0.581250 0.846296 0.451562 0.773148 0.478646 0.766667 0.521354 0.794444 0.640625 0.822222 0.640625 0.737963 0.410417 0.737963 0.411979 0.755556 0.438021 0.765741 0.359375 0.737963 0.233854 0.737963 0.233854 0.777778 0.342708 0.797222 0.368229 0.817593 0.254167 0.810185 0.249479 0.837037 0.233854 0.849074
2 0.993750 0.182407 0.985417 0.179630 0.985417 0.192593 0.978646 0.196296 0.971875 0.187963 0.963542 0.190741 0.964583 0.240741 0.928646 0.254630 0.917188 0.243519 0.896354 0.243519 0.894271 0.265741 0.877083 0.274074 0.744792 0.293519 0.725521 0.310185 0.721875 0.306481 0.725000 0.290741 0.672917 0.265741 0.658854 0.279630 0.658854 0.394444 0.701562 0.394444 0.701562 0.382407 0.692187 0.367593 0.722396 0.352778 0.812500 0.338889 0.833333 0.322222 0.908333 0.302778 0.953125 0.308333 0.990625 0.297222 0.999479 0.286111 0.999479 0.215741 0.995313 0.212037
2 0.202604 0.793519 0.202604 0.816667 0.270313 0.816667 0.270833 0.805556 0.272917 0.816667 0.406250 0.816667 0.406250 0.801852 0.373437 0.759259 0.575521 0.802778 0.579167 0.816667 0.646875 0.816667 0.646875 0.790741 0.606771 0.799074 0.534896 0.771296 0.500521 0.729630 0.503125 0.712963 0.496875 0.706481 0.533333 0.694444 0.646875 0.700000 0.646875 0.682407 0.230729 0.682407 0.232292 0.697222 0.254167 0.709259 0.219792 0.715741 0.241667 0.725926 0.221354 0.737963 0.219792 0.763889 0.227604 0.775926 0.219271 0.790741
