2 0.871354 0.682407 0.871354 0.747222 0.877083 0.747222 0.880729 0.752778 0.902083 0.763889 0.908854 0.772222 0.917708 0.775000 0.924479 0.783333 0.936458 0.786111 0.947917 0.797222 0.953646 0.797222 0.960417 0.805556 0.972396 0.811111 0.976042 0.819444 0.980208 0.819444 0.982292 0.825000 0.988542 0.830556 0.999479 0.830556 0.999479 0.746296 0.995833 0.746296 0.993750 0.740741 0.989583 0.740741 0.985938 0.735185 0.981771 0.735185 0.976562 0.726852 0.967187 0.718519 0.963021 0.718519 0.959375 0.712963 0.953646 0.712963 0.953125 0.710185 0.948958 0.710185 0.948438 0.707407 0.944271 0.707407 0.934375 0.699074 0.914583 0.696296 0.910937 0.692593 0.910937 0.682407
2 0.871354 0.604630 0.871354 0.677778 0.880208 0.677778 0.885417 0.683333 0.891146 0.683333 0.891667 0.686111 0.897396 0.686111 0.897917 0.688889 0.903646 0.688889 0.904167 0.691667 0.909896 0.691667 0.910417 0.694444 0.928646 0.697222 0.929167 0.700000 0.934896 0.700000 0.940104 0.705556 0.953646 0.708333 0.957292 0.713889 0.966146 0.716667 0.988542 0.738889 0.999479 0.738889 0.999479 0.640741 0.989583 0.643519 0.984375 0.637963 0.964583 0.635185 0.964063 0.632407 0.950521 0.629630 0.946875 0.624074 0.923958 0.618519 0.920312 0.614815 0.920312 0.604630
2 0.871354 0.526852 0.871354 0.611111 0.906771 0.613889 0.907292 0.616667 0.931771 0.619444 0.932292 0.622222 0.939583 0.622222 0.940104 0.625000 0.964583 0.630556 0.965104 0.633333 0.972396 0.633333 0.972917 0.636111 0.980208 0.636111 0.980729 0.638889 0.986458 0.638889 0.986979 0.641667 0.992708 0.641667 0.993229 0.644444 0.999479 0.644444 0.999479 0.526852
2 0.999479 0.240741 0.983854 0.246296 0.973958 0.257407 0.968229 0.257407 0.955208 0.268519 0.938542 0.271296 0.934896 0.276852 0.924479 0.279630 0.911458 0.290741 0.904167 0.290741 0.903646 0.293519 0.897917 0.293519 0.888021 0.301852 0.882292 0.301852 0.872396 0.312963 0.865104 0.312963 0.865104 0.388889 0.876563 0.388889 0.877083 0.386111 0.884375 0.386111 0.884896 0.383333 0.890625 0.383333 0.891146 0.380556 0.896875 0.380556 0.897396 0.377778 0.903125 0.377778 0.909896 0.372222 0.937500 0.366667 0.938021 0.363889 0.964063 0.358333 0.970833 0.352778 0.999479 0.344444
2 0.999479 0.343519 0.976042 0.351852 0.970833 0.357407 0.951042 0.360185 0.950521 0.362963 0.940104 0.365741 0.939583 0.368519 0.916667 0.371296 0.916146 0.374074 0.901042 0.379630 0.900521 0.382407 0.890104 0.382407 0.889583 0.385185 0.885417 0.385185 0.880208 0.390741 0.865104 0.393519 0.865104 0.455556 0.954688 0.452778 0.955208 0.450000 0.965625 0.450000 0.966146 0.447222 0.976562 0.447222 0.977083 0.444444 0.999479 0.444444
2 0.877604 0.815741 0.877604 0.894444 0.884896 0.894444 0.892708 0.900000 0.896354 0.908333 0.911458 0.922222 0.918229 0.933333 0.927604 0.941667 0.931771 0.941667 0.941146 0.950000 0.943229 0.955556 0.947396 0.955556 0.949479 0.961111 0.961458 0.969444 0.965104 0.977778 0.972396 0.980556 0.977604 0.988889 0.992708 0.991667 0.996354 0.995370 0.996354 0.999074 0.999479 0.999074 0.999479 0.912963 0.989583 0.912963 0.981250 0.901852 0.975521 0.899074 0.973437 0.893519 0.964583 0.887963 0.960938 0.879630 0.956771 0.879630 0.932813 0.854630 0.928646 0.854630 0.920312 0.846296 0.914583 0.846296 0.898958 0.832407 0.895312 0.825926 0.895312 0.815741
2 0.877604 0.749074 0.877604 0.822222 0.886458 0.822222 0.907292 0.841667 0.911458 0.841667 0.915104 0.847222 0.920833 0.847222 0.924479 0.852778 0.936458 0.858333 0.942708 0.863889 0.944792 0.869444 0.958333 0.877778 0.960417 0.883333 0.966146 0.886111 0.968229 0.891667 0.973958 0.894444 0.983854 0.908333 0.999479 0.916667 0.999479 0.835185 0.977083 0.818519 0.975000 0.812963 0.965625 0.804630 0.955208 0.801852 0.945312 0.790741 0.939583 0.790741 0.926562 0.779630 0.916146 0.776852 0.910937 0.768519 0.902083 0.765741 0.896875 0.759259 0.896875 0.749074
2 0.883854 0.893519 0.883854 0.999074 0.999479 0.999074 0.999479 0.924074 0.988542 0.924074 0.988542 0.930556 0.994792 0.945370 0.994792 0.973148 0.992708 0.982407 0.984896 0.985185 0.984375 0.982407 0.972396 0.979630 0.967187 0.971296 0.948438 0.954630 0.944271 0.954630 0.934375 0.943519 0.919271 0.935185 0.915625 0.926852 0.903646 0.918519 0.900000 0.910185 0.897396 0.910185 0.895312 0.906481 0.895312 0.893519
2 0.002604 0.938889 0.123438 0.938889 0.123958 0.927778 0.138021 0.922222 0.229687 0.919444 0.275521 0.855556 0.284375 0.855556 0.284375 0.815741 0.261979 0.815741 0.261979 0.825926 0.234896 0.874074 0.172396 0.879630 0.168750 0.873148 0.219271 0.830556 0.243750 0.830556 0.245312 0.815741 0.124479 0.815741 0.123958 0.826852 0.013542 0.846296 0.015104 0.855556 0.089583 0.852778 0.130729 0.873148 0.002604 0.896296
2 0.000000 0.588889 0.078646 0.577778 0.232813 0.569444 0.271875 0.561111 0.276562 0.555556 0.276562 0.526852 0.000000 0.526852
2 0.002604 0.549074 0.002604 0.588889 0.133333 0.575000 0.154167 0.584259 0.151042 0.603704 0.144792 0.616667 0.165104 0.622222 0.240625 0.616667 0.262500 0.605556 0.256250 0.590741 0.244271 0.585185 0.235937 0.570370 0.244271 0.563889 0.264062 0.561111 0.264062 0.549074
2 0.002604 0.943519 0.002604 0.999074 0.143750 0.999074 0.143750 0.926852 0.058854 0.926852 0.058333 0.937963 0.026042 0.940741 0.025521 0.943519 0.015104 0.943519 0.014583 0.946296 0.014063 0.943519
2 0.121354 0.825000 0.229687 0.819444 0.273438 0.775000 0.278646 0.761111 0.290625 0.763889 0.290625 0.749074 0.238542 0.749074 0.238542 0.762037 0.231771 0.768519 0.185417 0.771296 0.166146 0.776852 0.136458 0.776852 0.128125 0.773148 0.167187 0.766667 0.173437 0.761111 0.173437 0.749074 0.121354 0.749074
2 0.282813 0.793519 0.243229 0.793519 0.242708 0.807407 0.233333 0.815741 0.229167 0.815741 0.225521 0.821296 0.218229 0.821296 0.217708 0.824074 0.145833 0.824074 0.145313 0.821296 0.132292 0.821296 0.131771 0.824074 0.115104 0.826852 0.115104 0.875000 0.135937 0.875000 0.136458 0.872222 0.148958 0.872222 0.149479 0.875000 0.223438 0.875000 0.223958 0.872222 0.231250 0.872222 0.240625 0.863889 0.242708 0.855556 0.248438 0.852778 0.259896 0.833333 0.273958 0.822222 0.279687 0.822222 0.282813 0.811111
2 0.999479 0.151852 0.988542 0.157407 0.972396 0.174074 0.963542 0.176852 0.956771 0.185185 0.946354 0.187963 0.939583 0.196296 0.918229 0.207407 0.909896 0.218519 0.901042 0.218519 0.897917 0.221296 0.895833 0.229630 0.886979 0.232407 0.884896 0.240741 0.879167 0.243519 0.873958 0.254630 0.865104 0.257407 0.865104 0.308333 0.875000 0.308333 0.888021 0.297222 0.895312 0.297222 0.909896 0.286111 0.917188 0.286111 0.930208 0.275000 0.942187 0.272222 0.945833 0.266667 0.960938 0.263889 0.973958 0.252778 0.979688 0.252778 0.989583 0.241667 0.999479 0.238889
2 0.108854 0.777778 0.226562 0.769444 0.231771 0.763889 0.242188 0.761111 0.247396 0.752778 0.253125 0.752778 0.259896 0.741667 0.264062 0.741667 0.273438 0.733333 0.276562 0.725000 0.276562 0.704630 0.227604 0.704630 0.227604 0.714815 0.223958 0.718519 0.177083 0.715741 0.176563 0.704630 0.108854 0.704630
2 0.002604 0.604630 0.002604 0.691667 0.035937 0.683333 0.037500 0.671296 0.010937 0.659259 0.014583 0.647222 0.033333 0.630556 0.163021 0.622222 0.174479 0.637037 0.161979 0.646296 0.153646 0.665741 0.068229 0.668519 0.093229 0.675000 0.218750 0.669444 0.257812 0.650000 0.229687 0.625926 0.240625 0.619444 0.242188 0.604630
2 0.318750 0.682407 0.304167 0.682407 0.304167 0.695370 0.303646 0.696296 0.301042 0.696296 0.300521 0.699074 0.297917 0.699074 0.297917 0.700926 0.296354 0.701852 0.296354 0.703704 0.294792 0.704630 0.294792 0.706481 0.293229 0.707407 0.292708 0.710185 0.290104 0.710185 0.289583 0.712963 0.283854 0.712963 0.283854 0.761111 0.290625 0.761111 0.290625 0.759259 0.292187 0.758333 0.292187 0.756481 0.293750 0.755556 0.294271 0.752778 0.296875 0.752778 0.296875 0.750926 0.298438 0.750000 0.298438 0.745370 0.300000 0.744444 0.300000 0.742593 0.301563 0.741667 0.302083 0.738889 0.304688 0.738889 0.304688 0.737037 0.306250 0.736111 0.306250 0.734259 0.307812 0.733333 0.307812 0.731481 0.309375 0.730556 0.309375 0.728704 0.310937 0.727778 0.310937 0.725926 0.312500 0.725000 0.312500 0.723148 0.314063 0.722222 0.314063 0.720370 0.315625 0.719444 0.316146 0.716667 0.317188 0.716667 0.317188 0.709259 0.318750 0.708333
2 0.108854 0.738889 0.123438 0.738889 0.123958 0.727778 0.132812 0.727778 0.133333 0.725000 0.179688 0.725000 0.180208 0.722222 0.190625 0.722222 0.191146 0.719444 0.217188 0.719444 0.217708 0.716667 0.234375 0.713889 0.256771 0.694444 0.271875 0.688889 0.275000 0.680556 0.275000 0.660185 0.215104 0.660185 0.214583 0.671296 0.190104 0.671296 0.189583 0.674074 0.155208 0.674074 0.154688 0.671296 0.147396 0.671296 0.146875 0.660185 0.108854 0.660185
