2 0.771354 0.712963 0.771354 0.752778 0.778646 0.752778 0.794271 0.763889 0.799479 0.772222 0.863021 0.825000 0.865104 0.830556 0.886458 0.844444 0.926042 0.886111 0.938542 0.894444 0.953125 0.894444 0.953125 0.829630 0.945312 0.828704 0.942187 0.801852 0.931250 0.768519 0.923958 0.760185 0.906250 0.724074 0.878646 0.707407 0.876563 0.693519 0.810417 0.693519 0.809896 0.704630
2 0.002604 0.149074 0.002604 0.186111 0.020833 0.186111 0.021354 0.188889 0.034375 0.188889 0.034896 0.186111 0.055208 0.186111 0.055729 0.188889 0.060937 0.188889 0.061458 0.186111 0.109375 0.186111 0.109896 0.183333 0.115625 0.183333 0.115625 0.149074
2 0.008854 0.304630 0.008854 0.350000 0.016146 0.350000 0.016667 0.361111 0.025000 0.361111 0.025521 0.350000 0.029687 0.350000 0.030208 0.347222 0.037500 0.347222 0.038021 0.344444 0.085938 0.344444 0.086458 0.341667 0.107813 0.341667 0.108333 0.338889 0.115625 0.338889 0.115625 0.304630
2 0.002604 0.082407 0.002604 0.127778 0.070312 0.127778 0.070833 0.125000 0.081250 0.125000 0.081771 0.122222 0.095833 0.122222 0.096354 0.125000 0.100521 0.125000 0.102604 0.128704 0.104167 0.161111 0.115625 0.161111 0.115625 0.082407
2 0.118229 0.260185 0.118229 0.297222 0.119792 0.300000 0.146875 0.300000 0.147396 0.297222 0.214062 0.297222 0.214583 0.294444 0.221875 0.294444 0.221875 0.260185
2 0.002604 0.004630 0.002604 0.036111 0.045312 0.036111 0.045833 0.033333 0.070312 0.033333 0.070833 0.030556 0.082812 0.030556 0.083333 0.027778 0.100000 0.027778 0.100521 0.025000 0.109375 0.025000 0.109375 0.004630
2 0.115104 0.237963 0.115104 0.266667 0.137500 0.266667 0.138021 0.263889 0.150521 0.263889 0.151042 0.266667 0.173437 0.266667 0.173958 0.263889 0.198437 0.263889 0.198958 0.261111 0.221875 0.261111 0.221875 0.237963
2 0.115104 0.160185 0.115104 0.180556 0.152083 0.180556 0.154167 0.184259 0.153646 0.187963 0.146354 0.190741 0.144271 0.199074 0.127083 0.199074 0.123438 0.193519 0.115104 0.193519 0.115104 0.208333 0.160938 0.205556 0.161458 0.202778 0.173437 0.202778 0.173958 0.200000 0.205208 0.200000 0.205729 0.202778 0.211458 0.202778 0.211979 0.205556 0.221875 0.205556 0.221875 0.160185
2 0.008854 0.271296 0.008854 0.316667 0.023438 0.316667 0.023958 0.313889 0.029687 0.313889 0.030208 0.311111 0.034375 0.311111 0.034896 0.308333 0.055208 0.308333 0.055729 0.311111 0.065625 0.311111 0.066146 0.308333 0.089063 0.308333 0.089583 0.305556 0.115625 0.305556 0.115625 0.271296
2 0.002604 0.243519 0.002604 0.250000 0.009896 0.250000 0.010417 0.252778 0.056250 0.252778 0.056771 0.250000 0.065625 0.250000 0.066146 0.247222 0.094271 0.247222 0.094792 0.250000 0.098958 0.250000 0.101042 0.255556 0.104167 0.256481 0.104167 0.261111 0.105729 0.262037 0.105729 0.272222 0.115625 0.272222 0.115625 0.215741 0.030729 0.215741 0.030729 0.225926 0.028646 0.229630 0.019792 0.229630 0.019271 0.232407 0.013542 0.232407 0.013021 0.235185 0.010417 0.235185 0.010417 0.239815 0.008333 0.243519
2 0.115104 0.204630 0.115104 0.241667 0.129688 0.241667 0.130208 0.238889 0.156250 0.238889 0.156771 0.236111 0.167187 0.236111 0.167708 0.233333 0.200000 0.233333 0.200521 0.230556 0.221875 0.230556 0.221875 0.204630 0.152604 0.204630 0.152083 0.215741 0.150000 0.214815 0.150000 0.204630 0.144792 0.204630 0.144792 0.214815 0.141667 0.215741 0.141146 0.218519 0.127083 0.218519 0.126562 0.215741 0.123438 0.214815 0.123438 0.204630
2 0.002604 0.182407 0.002604 0.219444 0.070312 0.219444 0.070833 0.216667 0.092188 0.216667 0.092708 0.213889 0.108333 0.213889 0.108854 0.216667 0.115625 0.216667 0.115625 0.182407
2 0.002604 0.193519 0.002604 0.219444 0.068750 0.219444 0.069271 0.216667 0.090625 0.216667 0.091146 0.213889 0.115625 0.213889 0.115625 0.193519
2 0.010417 0.275000 0.011979 0.275926 0.011979 0.283333 0.043750 0.283333 0.044271 0.280556 0.053125 0.280556 0.053646 0.277778 0.071875 0.277778 0.072396 0.275000 0.106771 0.275000 0.107292 0.277778 0.109375 0.277778 0.112500 0.272222 0.112500 0.267593 0.116146 0.261111 0.121875 0.261111 0.121875 0.249074 0.027604 0.249074 0.027083 0.260185 0.019792 0.260185 0.019271 0.262963 0.015104 0.262963 0.010417 0.271296
2 0.002604 0.060185 0.002604 0.083333 0.009375 0.083333 0.009896 0.080556 0.012500 0.080556 0.013021 0.077778 0.022396 0.077778 0.022917 0.080556 0.025521 0.080556 0.030729 0.091667 0.033333 0.091667 0.033854 0.094444 0.054688 0.094444 0.055208 0.091667 0.060937 0.091667 0.061458 0.088889 0.073438 0.086111 0.073958 0.083333 0.078125 0.083333 0.078646 0.080556 0.082812 0.080556 0.083333 0.077778 0.094271 0.077778 0.094792 0.080556 0.098958 0.080556 0.099479 0.083333 0.109375 0.083333 0.109375 0.060185
2 0.002604 0.126852 0.002604 0.161111 0.021875 0.158333 0.022396 0.155556 0.098958 0.152778 0.105729 0.162037 0.104167 0.162963 0.104167 0.177778 0.107292 0.181481 0.107292 0.194444 0.115625 0.194444 0.115625 0.126852
2 0.002604 0.026852 0.002604 0.063889 0.039062 0.063889 0.039583 0.061111 0.062500 0.061111 0.063021 0.058333 0.071875 0.058333 0.072396 0.055556 0.081250 0.055556 0.081771 0.052778 0.100000 0.052778 0.100000 0.040741 0.098437 0.039815 0.098437 0.026852 0.091667 0.026852 0.091146 0.040741 0.085938 0.037037 0.085938 0.026852
2 0.108854 0.171296 0.108854 0.211111 0.180208 0.205556 0.180729 0.208333 0.189583 0.208333 0.190104 0.211111 0.194271 0.211111 0.196354 0.216667 0.199479 0.217593 0.199479 0.227778 0.206250 0.227778 0.206250 0.217593 0.209375 0.216667 0.209896 0.213889 0.221875 0.213889 0.221875 0.171296
2 0.116667 0.293519 0.116667 0.313889 0.118229 0.314815 0.118229 0.317593 0.116667 0.318519 0.116667 0.330556 0.121354 0.338889 0.134375 0.338889 0.134896 0.336111 0.146875 0.336111 0.147396 0.333333 0.153646 0.333333 0.154167 0.336111 0.193750 0.336111 0.194271 0.333333 0.212500 0.333333 0.213021 0.330556 0.221875 0.330556 0.221875 0.293519
