2 0.346354 0.360185 0.346354 0.397222 0.374479 0.403704 0.368229 0.418519 0.371354 0.439815 0.369792 0.448148 0.366146 0.451852 0.358854 0.446296 0.352604 0.457407 0.355729 0.472222 0.403125 0.472222 0.409896 0.466667 0.445833 0.461111 0.485938 0.463889 0.509896 0.455556 0.519271 0.458333 0.521354 0.472222 0.528125 0.472222 0.528125 0.360185 0.479167 0.360185 0.479167 0.370370 0.470833 0.376852 0.394271 0.390741 0.390625 0.384259 0.395313 0.375000 0.395313 0.360185
2 0.352604 0.854630 0.352604 0.869444 0.358333 0.869444 0.360417 0.878704 0.358854 0.892593 0.352604 0.893519 0.352604 0.999074 0.364063 0.999074 0.364063 0.978704 0.378125 0.975000 0.379688 0.962037 0.383333 0.955556 0.391146 0.955556 0.410417 0.969444 0.439583 0.980556 0.441667 0.986111 0.455208 0.994444 0.455729 0.999074 0.521875 0.999074 0.521875 0.932407 0.516146 0.932407 0.510938 0.918519 0.492708 0.915741 0.460938 0.882407 0.443750 0.871296 0.420833 0.865741 0.388021 0.849074 0.387500 0.837963 0.360417 0.837963 0.360417 0.850926
2 0.358854 0.771296 0.358854 0.841667 0.378646 0.841667 0.419792 0.861111 0.439583 0.863889 0.446354 0.872222 0.459896 0.877778 0.461979 0.883333 0.488021 0.902778 0.488542 0.916667 0.512500 0.916667 0.512500 0.900926 0.515625 0.894444 0.512500 0.818519 0.498958 0.815741 0.498437 0.812963 0.492708 0.815741 0.480208 0.812963 0.467187 0.804630 0.453646 0.801852 0.443750 0.793519 0.405208 0.785185 0.403125 0.781481 0.403125 0.771296
2 0.246354 0.671296 0.246354 0.727778 0.253646 0.727778 0.254167 0.730556 0.258333 0.730556 0.258854 0.733333 0.263021 0.733333 0.263542 0.736111 0.267708 0.736111 0.268229 0.738889 0.281771 0.738889 0.282292 0.741667 0.298958 0.741667 0.299479 0.744444 0.306771 0.744444 0.307292 0.747222 0.313021 0.747222 0.313542 0.750000 0.319271 0.750000 0.319792 0.752778 0.323958 0.752778 0.324479 0.755556 0.328646 0.755556 0.329167 0.758333 0.338021 0.758333 0.338542 0.761111 0.342187 0.761111 0.342708 0.758333 0.351562 0.758333 0.352083 0.755556 0.359375 0.755556 0.359375 0.685185 0.352083 0.685185 0.350000 0.681481 0.350000 0.671296 0.335417 0.671296 0.334896 0.682407 0.334375 0.671296
2 0.258854 0.837963 0.258854 0.900000 0.280208 0.902778 0.310417 0.936111 0.333333 0.944444 0.351042 0.963889 0.354687 0.963889 0.357812 0.958333 0.356250 0.889815 0.358333 0.883333 0.365625 0.883333 0.365625 0.857407 0.359896 0.857407 0.357812 0.853704 0.357812 0.837963 0.343229 0.837963 0.343229 0.852778 0.346354 0.858333 0.348958 0.858333 0.352604 0.867593 0.352604 0.873148 0.347396 0.879630 0.331771 0.879630 0.320312 0.868519 0.303646 0.865741 0.296875 0.857407 0.286458 0.854630 0.280208 0.849074 0.279687 0.837963
2 0.361979 0.693519 0.358854 0.750000 0.365104 0.772222 0.383333 0.775000 0.404167 0.786111 0.438021 0.791667 0.463542 0.805556 0.480208 0.808333 0.494792 0.819444 0.512500 0.819444 0.514583 0.813889 0.521875 0.813889 0.521875 0.779630 0.516146 0.779630 0.506250 0.751852 0.493750 0.750926 0.495833 0.744444 0.504687 0.747222 0.508333 0.738889 0.515104 0.750000 0.521875 0.750000 0.521875 0.732407 0.511458 0.732407 0.509375 0.724074 0.492708 0.726852 0.427083 0.707407 0.423438 0.703704 0.423438 0.693519
2 0.246354 0.629630 0.246354 0.666667 0.267708 0.666667 0.268229 0.669444 0.275521 0.669444 0.276042 0.672222 0.291146 0.672222 0.291667 0.675000 0.308333 0.675000 0.308854 0.677778 0.317708 0.677778 0.318229 0.680556 0.323958 0.680556 0.326042 0.684259 0.326042 0.694444 0.342187 0.694444 0.342708 0.683333 0.348438 0.683333 0.348958 0.680556 0.353125 0.680556 0.353646 0.677778 0.359375 0.677778 0.359375 0.649074 0.353646 0.649074 0.351562 0.643519 0.348958 0.643519 0.342187 0.631481 0.340625 0.624074 0.338021 0.624074 0.335938 0.618519 0.333333 0.618519 0.332813 0.604630 0.288542 0.604630 0.288542 0.614815 0.285417 0.615741 0.284896 0.618519 0.271354 0.618519 0.270833 0.621296 0.265104 0.621296 0.264583 0.624074 0.260417 0.624074 0.259896 0.626852 0.255729 0.626852 0.255208 0.629630
2 0.878125 0.282407 0.763542 0.282407 0.763542 0.292593 0.711979 0.301852 0.680729 0.315741 0.666667 0.332407 0.665104 0.341667 0.669792 0.348148 0.666146 0.357407 0.658854 0.360185 0.666667 0.373148 0.660417 0.376852 0.653646 0.396296 0.621354 0.407407 0.614583 0.418519 0.597917 0.424074 0.596354 0.430556 0.604167 0.441667 0.626563 0.441667 0.686458 0.413889 0.703646 0.411111 0.719792 0.419444 0.756250 0.419444 0.806250 0.405556 0.814583 0.391667 0.857812 0.386111 0.875000 0.363889 0.876563 0.335185 0.870313 0.328704 0.878125 0.316667
2 0.558854 0.750000 0.609896 0.750000 0.709896 0.766667 0.738542 0.780556 0.801042 0.795370 0.801042 0.805556 0.868750 0.805556 0.871875 0.781481 0.892188 0.750000 0.892188 0.685185 0.885938 0.670370 0.897396 0.652778 0.903125 0.652778 0.903125 0.637963 0.876042 0.637963 0.879167 0.662037 0.872396 0.676852 0.823958 0.674074 0.803125 0.662963 0.736458 0.662963 0.717708 0.651852 0.717187 0.637963 0.558854 0.637963
2 0.352604 0.646296 0.352604 0.686111 0.358333 0.686111 0.361979 0.697222 0.389583 0.697222 0.390104 0.700000 0.403646 0.700000 0.404167 0.702778 0.419271 0.702778 0.419792 0.705556 0.431771 0.705556 0.432292 0.708333 0.441146 0.708333 0.441667 0.711111 0.456771 0.713889 0.457292 0.716667 0.489583 0.719444 0.490104 0.722222 0.498958 0.722222 0.499479 0.725000 0.515625 0.719444 0.515625 0.682407 0.498958 0.679630 0.489063 0.662037 0.489063 0.649074 0.487500 0.643519 0.481250 0.637037 0.481250 0.626852 0.394792 0.626852 0.394792 0.637037 0.392708 0.640741 0.381771 0.637963 0.381250 0.626852 0.361979 0.626852 0.361979 0.639815 0.358333 0.646296
2 0.353125 0.260185 0.296354 0.260185 0.296354 0.270370 0.293229 0.271296 0.292708 0.274074 0.271354 0.276852 0.264583 0.285185 0.257292 0.285185 0.256771 0.287963 0.243229 0.293519 0.242708 0.296296 0.236979 0.299074 0.236979 0.303704 0.233333 0.310185 0.227604 0.310185 0.227604 0.347222 0.234896 0.347222 0.235417 0.350000 0.253125 0.350000 0.253646 0.347222 0.259375 0.347222 0.259896 0.344444 0.276562 0.341667 0.277083 0.338889 0.287500 0.338889 0.288021 0.336111 0.292187 0.336111 0.292708 0.333333 0.307812 0.330556 0.308333 0.327778 0.312500 0.327778 0.316146 0.322222 0.321875 0.322222 0.322396 0.319444 0.338021 0.319444 0.338542 0.322222 0.353125 0.319444
2 0.509375 0.093519 0.477604 0.093519 0.475521 0.107407 0.401042 0.149074 0.392708 0.157407 0.385417 0.157407 0.377083 0.165741 0.365104 0.168519 0.345833 0.185185 0.340104 0.185185 0.340104 0.197222 0.345833 0.197222 0.347917 0.203704 0.349479 0.223148 0.346354 0.245370 0.340104 0.246296 0.340104 0.250000 0.360938 0.252778 0.373958 0.241667 0.392188 0.238889 0.398958 0.230556 0.406250 0.230556 0.419271 0.219444 0.437500 0.216667 0.442708 0.211111 0.454688 0.208333 0.495833 0.177778 0.510938 0.175000 0.514062 0.163889 0.514062 0.126852 0.509375 0.120370
2 0.528125 0.282407 0.460417 0.282407 0.460417 0.292593 0.452083 0.299074 0.430729 0.301852 0.416146 0.315741 0.394792 0.315741 0.386458 0.329630 0.371354 0.329630 0.366667 0.335185 0.366667 0.341667 0.369792 0.345370 0.371354 0.355556 0.377083 0.352778 0.377604 0.359259 0.371354 0.362963 0.371354 0.370370 0.358854 0.385185 0.358854 0.394444 0.361458 0.391667 0.398438 0.394444 0.409896 0.386111 0.421875 0.386111 0.422396 0.383333 0.434375 0.383333 0.447396 0.377778 0.467187 0.377778 0.481250 0.372222 0.489583 0.363889 0.515625 0.361111 0.520833 0.355556 0.528125 0.355556
2 0.252604 0.782407 0.252604 0.844444 0.264583 0.844444 0.265104 0.847222 0.272396 0.847222 0.272917 0.850000 0.278646 0.850000 0.279167 0.852778 0.286458 0.852778 0.286979 0.855556 0.291146 0.855556 0.291667 0.858333 0.294271 0.858333 0.297917 0.863889 0.309896 0.866667 0.310417 0.869444 0.320833 0.872222 0.321354 0.875000 0.330208 0.875000 0.330729 0.877778 0.334896 0.877778 0.335417 0.880556 0.338021 0.880556 0.341667 0.886111 0.353125 0.886111 0.354687 0.883333 0.356250 0.818519 0.354687 0.817593 0.354687 0.810185 0.353125 0.807407 0.347917 0.807407 0.342708 0.815741 0.338542 0.815741 0.338021 0.818519 0.328646 0.818519 0.328125 0.815741 0.323958 0.815741 0.323437 0.812963 0.314583 0.812963 0.314063 0.810185 0.308333 0.810185 0.307812 0.807407 0.303646 0.807407 0.303125 0.804630 0.298958 0.804630 0.298438 0.801852 0.292708 0.801852 0.292187 0.799074 0.289583 0.799074 0.289062 0.796296 0.286458 0.796296 0.284375 0.792593 0.284375 0.782407
2 0.346354 0.471296 0.346354 0.541667 0.382292 0.552778 0.451042 0.558333 0.501563 0.552778 0.509896 0.541667 0.513542 0.550926 0.513542 0.572222 0.521875 0.572222 0.521875 0.460185 0.510417 0.460185 0.511979 0.517593 0.509896 0.521296 0.507812 0.509259 0.509375 0.460185 0.436979 0.460185 0.436458 0.471296 0.430208 0.471296 0.429688 0.460185 0.352604 0.460185 0.352604 0.470370
2 0.246354 0.726852 0.246354 0.777778 0.252083 0.777778 0.255729 0.783333 0.264583 0.783333 0.265104 0.786111 0.275521 0.786111 0.280729 0.794444 0.283333 0.794444 0.286979 0.800000 0.291146 0.800000 0.294792 0.805556 0.313021 0.811111 0.313542 0.813889 0.322396 0.816667 0.322917 0.819444 0.330208 0.822222 0.330729 0.825000 0.353125 0.825000 0.356250 0.819444 0.356250 0.809259 0.357812 0.808333 0.357812 0.793519 0.356250 0.792593 0.356250 0.742593 0.357812 0.741667 0.357812 0.726852 0.349479 0.726852 0.349479 0.748148 0.346354 0.749074 0.341146 0.757407 0.327083 0.754630 0.323437 0.749074 0.317708 0.749074 0.317188 0.746296 0.311458 0.746296 0.310937 0.743519 0.281771 0.740741 0.279687 0.737037 0.279687 0.726852
2 0.558854 0.737963 0.558854 0.833333 0.605208 0.847222 0.647917 0.875000 0.702083 0.877778 0.740104 0.897222 0.811458 0.911111 0.845833 0.925000 0.847917 0.938889 0.876563 0.938889 0.878125 0.920370 0.884375 0.919444 0.884375 0.868519 0.878125 0.867593 0.876563 0.812963 0.871875 0.799074 0.861458 0.804630 0.808333 0.801852 0.730208 0.779630 0.715625 0.768519 0.584896 0.751852 0.582812 0.737963
2 0.850000 0.032407 0.848437 0.021296 0.837500 0.010185 0.822396 0.004630 0.821875 0.000000 0.810417 0.000000 0.806771 0.010185 0.772396 0.032407 0.757292 0.035185 0.750521 0.043519 0.680729 0.065741 0.663542 0.079630 0.659896 0.087963 0.646354 0.093519 0.646354 0.100000 0.652083 0.104630 0.632292 0.101852 0.632292 0.108333 0.643229 0.112037 0.643229 0.130556 0.654167 0.139815 0.652604 0.150000 0.657292 0.155556 0.692708 0.155556 0.716146 0.163889 0.721354 0.172222 0.734375 0.172222 0.762500 0.161111 0.767708 0.152778 0.793750 0.138889 0.798958 0.130556 0.817187 0.125000 0.819271 0.119444 0.846875 0.111111 0.850000 0.105556
2 0.240104 0.560185 0.240104 0.600000 0.245833 0.600000 0.246354 0.602778 0.256771 0.602778 0.257292 0.605556 0.266146 0.605556 0.266667 0.608333 0.297396 0.611111 0.297917 0.613889 0.337500 0.613889 0.338021 0.611111 0.348438 0.611111 0.348958 0.608333 0.353125 0.605556 0.353125 0.601852 0.351562 0.600926 0.351562 0.579630 0.348438 0.573148 0.348438 0.562963 0.346875 0.562037 0.346875 0.557407 0.343750 0.551852 0.335938 0.548148 0.335938 0.537963 0.286979 0.537963 0.286458 0.549074 0.282292 0.549074 0.281771 0.551852 0.277604 0.551852 0.277083 0.554630 0.257292 0.557407 0.256771 0.560185
2 0.221354 0.418519 0.221354 0.436111 0.229167 0.437037 0.229167 0.450926 0.227083 0.454630 0.221354 0.454630 0.221354 0.494444 0.242188 0.494444 0.242188 0.484259 0.244271 0.480556 0.282813 0.477778 0.283333 0.475000 0.312500 0.475000 0.313021 0.472222 0.325000 0.472222 0.325521 0.469444 0.330208 0.469444 0.330729 0.472222 0.353125 0.472222 0.353125 0.404630 0.236979 0.404630 0.236979 0.414815 0.234896 0.418519
2 0.521875 0.193519 0.466667 0.193519 0.466667 0.203704 0.459896 0.210185 0.421354 0.224074 0.388021 0.243519 0.368229 0.249074 0.352083 0.262963 0.346354 0.262963 0.346354 0.319444 0.371875 0.322222 0.372396 0.319444 0.398438 0.316667 0.411458 0.308333 0.460938 0.294444 0.466146 0.288889 0.482812 0.283333 0.491146 0.275000 0.521875 0.266667
2 0.848437 0.104630 0.840104 0.104630 0.840104 0.114815 0.828646 0.126852 0.783854 0.149074 0.763021 0.168519 0.693229 0.187963 0.643229 0.215741 0.640104 0.239815 0.633854 0.246296 0.644792 0.262037 0.639583 0.282407 0.627083 0.285185 0.602083 0.271296 0.585938 0.240741 0.578646 0.260185 0.568229 0.249074 0.569792 0.259259 0.540104 0.271296 0.540104 0.333333 0.551042 0.341667 0.586458 0.330556 0.617188 0.333333 0.677083 0.302778 0.773438 0.288889 0.796875 0.280556 0.806250 0.250926 0.817708 0.241667 0.854688 0.252778 0.854688 0.140741
2 0.353125 0.182407 0.305729 0.182407 0.305729 0.192593 0.302083 0.199074 0.288542 0.204630 0.284896 0.210185 0.272917 0.212963 0.266146 0.221296 0.255729 0.224074 0.244271 0.235185 0.240104 0.235185 0.233333 0.246296 0.227604 0.246296 0.227604 0.305556 0.243750 0.305556 0.244271 0.294444 0.256250 0.288889 0.256771 0.286111 0.268750 0.283333 0.275521 0.275000 0.292187 0.272222 0.292708 0.269444 0.317188 0.261111 0.317708 0.258333 0.328125 0.255556 0.328646 0.252778 0.353125 0.252778 0.353125 0.229630 0.347396 0.229630 0.346875 0.221296 0.345313 0.220370 0.346875 0.195370 0.353125 0.194444
2 0.552604 0.572222 0.593750 0.572222 0.595833 0.555556 0.620833 0.541667 0.633333 0.541667 0.644792 0.552778 0.684375 0.552778 0.687500 0.546296 0.678125 0.537037 0.684896 0.533333 0.818229 0.544444 0.851562 0.533333 0.854688 0.526852 0.845313 0.514815 0.869271 0.475000 0.883333 0.469444 0.890104 0.486111 0.896875 0.486111 0.896875 0.404630 0.761979 0.404630 0.761458 0.415741 0.728646 0.418519 0.725000 0.404630 0.683854 0.404630 0.683854 0.414815 0.673958 0.424074 0.625521 0.437963 0.621875 0.428704 0.639062 0.419444 0.640625 0.404630 0.552604 0.404630 0.552604 0.441667 0.560417 0.445370 0.552604 0.451852
2 0.352604 0.549074 0.352604 0.625000 0.388021 0.622222 0.388542 0.625000 0.403646 0.625000 0.415104 0.630556 0.436458 0.630556 0.436979 0.633333 0.456771 0.633333 0.457292 0.636111 0.515625 0.633333 0.515625 0.601852 0.502083 0.599074 0.495312 0.587037 0.495312 0.579630 0.492188 0.573148 0.495312 0.561111 0.495312 0.549074 0.382292 0.549074 0.382292 0.563889 0.393229 0.570370 0.391146 0.574074 0.380729 0.574074 0.380208 0.576852 0.369271 0.574074 0.367188 0.570370 0.367188 0.549074
2 0.353125 0.315741 0.313542 0.315741 0.313542 0.325926 0.311458 0.329630 0.307292 0.329630 0.306771 0.332407 0.302604 0.332407 0.302083 0.335185 0.296354 0.335185 0.295833 0.337963 0.283854 0.337963 0.283333 0.340741 0.277604 0.340741 0.277083 0.343519 0.271354 0.343519 0.270833 0.346296 0.261979 0.346296 0.261458 0.349074 0.227604 0.349074 0.227604 0.411111 0.282813 0.408333 0.283333 0.405556 0.301563 0.405556 0.302083 0.402778 0.315625 0.400000 0.316146 0.397222 0.346875 0.397222 0.347396 0.394444 0.353125 0.394444
2 0.258854 0.915741 0.258854 0.961111 0.264583 0.961111 0.268229 0.969444 0.272396 0.969444 0.272917 0.972222 0.280208 0.972222 0.280729 0.975000 0.286458 0.975000 0.286979 0.977778 0.294271 0.980556 0.301042 0.992593 0.301042 0.999074 0.371875 0.999074 0.371875 0.962963 0.365104 0.962963 0.361458 0.968519 0.358333 0.968519 0.357812 0.965741 0.347396 0.962963 0.342187 0.954630 0.338021 0.954630 0.337500 0.951852 0.334896 0.951852 0.331250 0.946296 0.319271 0.943519 0.318750 0.940741 0.313021 0.940741 0.312500 0.937963 0.309896 0.937963 0.309375 0.935185 0.300000 0.928704 0.300000 0.915741
2 0.540104 0.271296 0.540104 0.330556 0.551042 0.341667 0.620313 0.333333 0.683333 0.302778 0.720313 0.302778 0.805208 0.283333 0.810937 0.300000 0.816146 0.277778 0.818229 0.306481 0.807292 0.312963 0.815104 0.328704 0.808854 0.332407 0.811979 0.348148 0.801042 0.360185 0.801042 0.372222 0.865625 0.372222 0.865625 0.326852 0.839583 0.329630 0.840625 0.315741 0.829688 0.303704 0.831250 0.290741 0.825000 0.284259 0.837500 0.272222 0.833333 0.261111 0.856250 0.255556 0.854688 0.182407 0.685417 0.182407 0.684896 0.193519 0.659896 0.207407 0.646875 0.206481 0.648438 0.182407 0.563542 0.182407 0.557292 0.216667 0.561979 0.230556 0.573958 0.230556 0.579167 0.239815 0.563542 0.246296 0.563021 0.260185
2 0.240104 0.471296 0.240104 0.541667 0.281771 0.544444 0.282292 0.547222 0.297396 0.550000 0.297917 0.561111 0.317188 0.561111 0.317188 0.550926 0.321875 0.550000 0.322396 0.547222 0.348438 0.544444 0.348958 0.541667 0.353125 0.541667 0.353646 0.538889 0.359375 0.538889 0.359375 0.471296
2 0.552604 0.837963 0.552604 0.975000 0.561979 0.981481 0.552604 0.985185 0.552604 0.999074 0.568750 0.999074 0.567187 0.981481 0.570833 0.975000 0.604688 0.975000 0.609896 0.969444 0.634896 0.972222 0.669792 0.999074 0.878125 0.999074 0.878125 0.924074 0.841146 0.924074 0.784375 0.899074 0.741146 0.896296 0.698438 0.876852 0.655208 0.876852 0.617708 0.857407 0.609375 0.848148 0.609375 0.837963
