2 0.765104 0.660185 0.765104 0.708333 0.773958 0.708333 0.774479 0.711111 0.777083 0.711111 0.777604 0.713889 0.780208 0.713889 0.782292 0.719444 0.786458 0.719444 0.786979 0.722222 0.789583 0.722222 0.790104 0.725000 0.792708 0.725000 0.793229 0.727778 0.795833 0.727778 0.796354 0.730556 0.798958 0.730556 0.799479 0.733333 0.803646 0.733333 0.804167 0.736111 0.806771 0.736111 0.807292 0.738889 0.808854 0.739815 0.808854 0.750000 0.828125 0.750000 0.828125 0.710185 0.822396 0.710185 0.821875 0.704630 0.820312 0.703704 0.820312 0.699074 0.819271 0.699074 0.818750 0.696296 0.814063 0.689815 0.814063 0.687963 0.809896 0.687963 0.809375 0.685185 0.802083 0.685185 0.801562 0.682407 0.798958 0.682407 0.796875 0.676852 0.789583 0.676852 0.789062 0.674074 0.783333 0.674074 0.782813 0.660185
2 0.765104 0.582407 0.765104 0.622222 0.772396 0.622222 0.772917 0.625000 0.775521 0.625000 0.776042 0.627778 0.780208 0.627778 0.780729 0.630556 0.786458 0.630556 0.786979 0.633333 0.791146 0.633333 0.791667 0.636111 0.794271 0.636111 0.794792 0.638889 0.802083 0.638889 0.802604 0.641667 0.806771 0.641667 0.807292 0.644444 0.813021 0.644444 0.813542 0.647222 0.815625 0.647222 0.815625 0.645370 0.817187 0.644444 0.817187 0.639815 0.818750 0.638889 0.818750 0.625926 0.820312 0.625000 0.822396 0.619444 0.828125 0.619444 0.828125 0.582407
2 0.696354 0.560185 0.696354 0.591667 0.705208 0.591667 0.705729 0.594444 0.709896 0.594444 0.710417 0.597222 0.713021 0.597222 0.713542 0.600000 0.717708 0.600000 0.718229 0.602778 0.720833 0.602778 0.721354 0.605556 0.727083 0.605556 0.727604 0.608333 0.739583 0.608333 0.740104 0.611111 0.744271 0.611111 0.744792 0.613889 0.748958 0.613889 0.749479 0.616667 0.752604 0.617593 0.752604 0.627778 0.760938 0.627778 0.760938 0.617593 0.762500 0.616667 0.766146 0.608333 0.771875 0.608333 0.771875 0.560185
3 0.153125 0.004630 0.124479 0.004630 0.132292 0.170370 0.090104 0.154630 0.086979 0.194444 0.104167 0.225926 0.100521 0.251852 0.067187 0.237037 0.068750 0.004630 0.030729 0.004630 0.036979 0.228704 0.008854 0.293519 0.008854 0.458333 0.027604 0.555556 0.049479 0.517593 0.046354 0.652778 0.060417 0.800926 0.044792 0.804630 0.033333 0.879630 0.008854 0.874074 0.016667 0.937037 0.008854 0.972222 0.034896 0.961111 0.041667 0.994444 0.084375 0.994444 0.092708 0.963889 0.137500 0.908333 0.129688 0.881481 0.143750 0.846296 0.104688 0.804630 0.092188 0.820370 0.082812 0.492593 0.089583 0.469444 0.110937 0.475000 0.139583 0.447222 0.152604 0.630556 0.160938 0.616667 0.165625 0.404630
2 0.758854 0.615741 0.758854 0.658333 0.764583 0.658333 0.766667 0.663889 0.769271 0.663889 0.769792 0.666667 0.773958 0.666667 0.774479 0.669444 0.777083 0.669444 0.777604 0.672222 0.780208 0.672222 0.780729 0.675000 0.786458 0.675000 0.786979 0.677778 0.791146 0.677778 0.791667 0.680556 0.794271 0.680556 0.794792 0.683333 0.798958 0.683333 0.799479 0.686111 0.803646 0.686111 0.804167 0.688889 0.806771 0.688889 0.807292 0.691667 0.809896 0.691667 0.810417 0.694444 0.811979 0.695370 0.811979 0.705556 0.821875 0.705556 0.821875 0.646296 0.816146 0.646296 0.815625 0.643519 0.809896 0.643519 0.809375 0.640741 0.802083 0.640741 0.801562 0.637963 0.797396 0.637963 0.796875 0.635185 0.792708 0.635185 0.792188 0.632407 0.788021 0.632407 0.787500 0.629630 0.783333 0.629630 0.782813 0.626852 0.779687 0.625926 0.779687 0.615741
2 0.765104 0.749074 0.765104 0.791667 0.772396 0.791667 0.772917 0.794444 0.775521 0.794444 0.776042 0.797222 0.778646 0.797222 0.779167 0.800000 0.784896 0.802778 0.786979 0.808333 0.792708 0.811111 0.794792 0.816667 0.797396 0.816667 0.797917 0.819444 0.803646 0.819444 0.804167 0.822222 0.808333 0.822222 0.808854 0.827778 0.811979 0.831481 0.811979 0.836111 0.813542 0.837037 0.813542 0.850000 0.828125 0.850000 0.828125 0.799074 0.820833 0.799074 0.818750 0.793519 0.816146 0.793519 0.815625 0.790741 0.809896 0.787963 0.807813 0.782407 0.805208 0.782407 0.804688 0.779630 0.800521 0.779630 0.798438 0.774074 0.795833 0.774074 0.795312 0.771296 0.792708 0.771296 0.792188 0.768519 0.786458 0.765741 0.785937 0.762963 0.782813 0.759259 0.782813 0.749074
2 0.708854 0.637963 0.708854 0.666667 0.716146 0.666667 0.716667 0.669444 0.718229 0.670370 0.718229 0.672222 0.720833 0.672222 0.721354 0.675000 0.723958 0.675000 0.724479 0.677778 0.728646 0.677778 0.729167 0.680556 0.730729 0.681481 0.730729 0.683333 0.733333 0.683333 0.733854 0.686111 0.736458 0.686111 0.736979 0.688889 0.739583 0.688889 0.740104 0.691667 0.744271 0.691667 0.744792 0.694444 0.747396 0.694444 0.747917 0.697222 0.750521 0.697222 0.751042 0.700000 0.758333 0.700000 0.758854 0.702778 0.765625 0.702778 0.765625 0.657407 0.756771 0.657407 0.756250 0.654630 0.752083 0.654630 0.751563 0.651852 0.741146 0.651852 0.740625 0.649074 0.739062 0.648148 0.739062 0.637963
2 0.708854 0.593519 0.708854 0.630556 0.716146 0.630556 0.716667 0.633333 0.717708 0.633333 0.718229 0.636111 0.719792 0.637037 0.719792 0.638889 0.722396 0.638889 0.722917 0.641667 0.728646 0.641667 0.729167 0.644444 0.731771 0.644444 0.732292 0.647222 0.733854 0.648148 0.733854 0.650000 0.739583 0.650000 0.740104 0.652778 0.748958 0.652778 0.749479 0.655556 0.757812 0.655556 0.758333 0.652778 0.765625 0.652778 0.765625 0.612963 0.734896 0.612963 0.734375 0.610185 0.730208 0.610185 0.729688 0.607407 0.727083 0.607407 0.726562 0.604630 0.725000 0.603704 0.725000 0.593519
2 0.765104 0.704630 0.765104 0.750000 0.772396 0.750000 0.772917 0.752778 0.777083 0.752778 0.777604 0.755556 0.780208 0.755556 0.782292 0.761111 0.784896 0.761111 0.785417 0.763889 0.788021 0.763889 0.788542 0.766667 0.792708 0.766667 0.794792 0.772222 0.797396 0.772222 0.797917 0.775000 0.803646 0.777778 0.805729 0.783333 0.808333 0.783333 0.808854 0.786111 0.813021 0.786111 0.813542 0.788889 0.819271 0.791667 0.819792 0.805556 0.828125 0.805556 0.828125 0.746296 0.820833 0.746296 0.820312 0.743519 0.817708 0.743519 0.817187 0.740741 0.813021 0.740741 0.812500 0.737963 0.809896 0.737963 0.809375 0.735185 0.805208 0.735185 0.804688 0.732407 0.800521 0.732407 0.800000 0.729630 0.797396 0.729630 0.796875 0.726852 0.794271 0.726852 0.793750 0.724074 0.791146 0.724074 0.790625 0.721296 0.784896 0.718519 0.784375 0.715741 0.782813 0.714815 0.782813 0.704630
2 0.721354 0.671296 0.721354 0.713889 0.727083 0.713889 0.727604 0.716667 0.730208 0.716667 0.730729 0.719444 0.733333 0.719444 0.733854 0.722222 0.736458 0.722222 0.738542 0.727778 0.741146 0.727778 0.741667 0.730556 0.748958 0.730556 0.749479 0.733333 0.752083 0.733333 0.752604 0.736111 0.755208 0.736111 0.755729 0.750000 0.765625 0.750000 0.765625 0.732407 0.764062 0.731481 0.764062 0.712037 0.765625 0.711111 0.766146 0.708333 0.771875 0.708333 0.771875 0.671296 0.763542 0.671296 0.763542 0.691667 0.765104 0.692593 0.765104 0.695370 0.763542 0.696296 0.763021 0.699074 0.756771 0.699074 0.756250 0.696296 0.753646 0.696296 0.753125 0.693519 0.748958 0.693519 0.748437 0.690741 0.745833 0.690741 0.745313 0.687963 0.742708 0.687963 0.742188 0.685185 0.738021 0.685185 0.737500 0.682407 0.735938 0.681481 0.735938 0.671296
2 0.721354 0.704630 0.721354 0.744444 0.728646 0.744444 0.729167 0.747222 0.730208 0.747222 0.730729 0.750000 0.731771 0.750000 0.732292 0.752778 0.733333 0.752778 0.733854 0.755556 0.734896 0.755556 0.735417 0.758333 0.736979 0.759259 0.736979 0.761111 0.739583 0.761111 0.740104 0.763889 0.744271 0.763889 0.744792 0.766667 0.747396 0.766667 0.747917 0.769444 0.749479 0.770370 0.749479 0.772222 0.752083 0.772222 0.752604 0.775000 0.755208 0.775000 0.755729 0.777778 0.758333 0.777778 0.758854 0.780556 0.764062 0.780556 0.764583 0.777778 0.771875 0.777778 0.771875 0.749074 0.766146 0.749074 0.765625 0.746296 0.763021 0.746296 0.762500 0.743519 0.759896 0.743519 0.759375 0.740741 0.755208 0.740741 0.754687 0.737963 0.752083 0.737963 0.751563 0.735185 0.745833 0.735185 0.745313 0.732407 0.742708 0.732407 0.742188 0.729630 0.739583 0.729630 0.739062 0.726852 0.736458 0.726852 0.735938 0.724074 0.733333 0.724074 0.732812 0.721296 0.730208 0.721296 0.729688 0.718519 0.728125 0.717593 0.728125 0.704630
2 0.690104 0.526852 0.690104 0.558333 0.698958 0.558333 0.699479 0.561111 0.708333 0.561111 0.708854 0.563889 0.719271 0.563889 0.719792 0.566667 0.725521 0.566667 0.730729 0.572222 0.758333 0.575000 0.758854 0.577778 0.766146 0.577778 0.769792 0.583333 0.775521 0.583333 0.776042 0.586111 0.800521 0.588889 0.801042 0.591667 0.808333 0.591667 0.808854 0.594444 0.814063 0.594444 0.814583 0.591667 0.815104 0.594444 0.823438 0.594444 0.826562 0.588889 0.826562 0.575926 0.828125 0.575000 0.826562 0.545370 0.834375 0.544444 0.834375 0.526852
2 0.846354 0.643519 0.846354 0.680556 0.854688 0.680556 0.856771 0.675000 0.872396 0.675000 0.872917 0.677778 0.886458 0.683333 0.886979 0.694444 0.900000 0.694444 0.900000 0.684259 0.904687 0.683333 0.905208 0.680556 0.929688 0.680556 0.930208 0.677778 0.950000 0.677778 0.950521 0.675000 0.992188 0.675000 0.992708 0.672222 0.996875 0.672222 0.996875 0.667593 0.999479 0.666667 0.999479 0.651852 0.996875 0.650926 0.996875 0.643519 0.995313 0.642593 0.995313 0.626852 0.860417 0.626852 0.860417 0.637037 0.858333 0.640741
2 0.715104 0.637963 0.715104 0.672222 0.720833 0.672222 0.721354 0.675000 0.723958 0.675000 0.724479 0.677778 0.728646 0.677778 0.729167 0.680556 0.730729 0.681481 0.730729 0.683333 0.733333 0.683333 0.733854 0.686111 0.736458 0.686111 0.736979 0.688889 0.739583 0.688889 0.740104 0.691667 0.744271 0.691667 0.744792 0.694444 0.747396 0.694444 0.747917 0.697222 0.750521 0.697222 0.751042 0.700000 0.756771 0.700000 0.757292 0.702778 0.765625 0.702778 0.765625 0.657407 0.756771 0.657407 0.756250 0.654630 0.753646 0.654630 0.753125 0.651852 0.739583 0.651852 0.739062 0.649074 0.737500 0.648148 0.737500 0.637963
2 0.696354 0.593519 0.696354 0.638889 0.703646 0.638889 0.704167 0.641667 0.710938 0.641667 0.711458 0.638889 0.714063 0.638889 0.714583 0.636111 0.715104 0.638889 0.719271 0.638889 0.719792 0.641667 0.725521 0.641667 0.726042 0.644444 0.730208 0.644444 0.730729 0.647222 0.733333 0.647222 0.733854 0.650000 0.738021 0.650000 0.738542 0.652778 0.745833 0.652778 0.746354 0.655556 0.765625 0.655556 0.765625 0.612963 0.758333 0.612963 0.757812 0.610185 0.747396 0.610185 0.746875 0.607407 0.731771 0.607407 0.731250 0.604630 0.726562 0.603704 0.726562 0.593519
2 0.083854 0.727778 0.145313 0.727778 0.145313 0.717593 0.146875 0.716667 0.146875 0.714815 0.148438 0.713889 0.148958 0.711111 0.151562 0.711111 0.151562 0.709259 0.153125 0.708333 0.153646 0.705556 0.159375 0.705556 0.159375 0.693519 0.083854 0.693519
2 0.646354 0.526852 0.646354 0.550000 0.690625 0.550000 0.690625 0.515741 0.652604 0.515741 0.652604 0.525926 0.652083 0.526852
