2 0.071354 0.711111 0.092188 0.711111 0.117708 0.697222 0.132812 0.697222 0.164583 0.675000 0.195312 0.663889 0.202083 0.655556 0.221875 0.652778 0.233333 0.641667 0.259375 0.633333 0.259375 0.593519 0.199479 0.593519 0.198958 0.604630 0.151042 0.607407 0.150521 0.615741 0.136979 0.618519 0.133333 0.626852 0.100521 0.629630 0.102083 0.625000 0.117188 0.625000 0.122396 0.616667 0.129688 0.616667 0.134896 0.605556 0.145313 0.608333 0.148438 0.605556 0.148438 0.593519 0.071354 0.593519 0.071354 0.636111 0.083854 0.637037 0.071354 0.637963
2 0.314063 0.637963 0.291667 0.637963 0.291146 0.649074 0.288542 0.649074 0.288021 0.651852 0.285417 0.651852 0.284896 0.654630 0.282292 0.654630 0.281771 0.657407 0.277604 0.657407 0.277083 0.660185 0.272917 0.660185 0.272396 0.662963 0.265104 0.662963 0.265104 0.705556 0.271875 0.705556 0.272396 0.702778 0.275000 0.702778 0.275521 0.700000 0.279687 0.700000 0.280208 0.697222 0.284375 0.697222 0.284896 0.694444 0.290625 0.694444 0.290625 0.692593 0.292187 0.691667 0.292708 0.688889 0.295312 0.688889 0.295833 0.686111 0.300000 0.686111 0.300521 0.683333 0.303125 0.683333 0.303646 0.680556 0.307812 0.680556 0.308333 0.677778 0.310937 0.677778 0.310937 0.675926 0.312500 0.675000 0.313021 0.672222 0.314063 0.672222 0.314063 0.664815 0.315625 0.663889 0.315625 0.651852 0.314063 0.650926
2 0.321875 0.715741 0.296354 0.715741 0.296354 0.725926 0.294792 0.726852 0.294792 0.728704 0.293229 0.729630 0.292708 0.732407 0.288542 0.732407 0.288021 0.735185 0.283854 0.735185 0.283333 0.737963 0.280729 0.737963 0.280208 0.740741 0.277604 0.740741 0.277083 0.743519 0.271354 0.743519 0.271354 0.783333 0.279687 0.783333 0.279687 0.781481 0.281250 0.780556 0.281771 0.777778 0.284375 0.777778 0.284896 0.775000 0.287500 0.775000 0.288021 0.772222 0.290625 0.772222 0.290625 0.770370 0.292187 0.769444 0.292708 0.766667 0.295312 0.766667 0.295833 0.763889 0.300000 0.763889 0.300000 0.762037 0.301563 0.761111 0.302083 0.758333 0.304688 0.758333 0.304688 0.756481 0.306250 0.755556 0.306771 0.752778 0.310937 0.752778 0.310937 0.750926 0.312500 0.750000 0.312500 0.742593 0.314063 0.741667 0.314583 0.736111 0.321875 0.736111
2 0.065104 0.638889 0.096875 0.638889 0.113021 0.630556 0.140625 0.627778 0.159896 0.616667 0.217188 0.602778 0.244271 0.588889 0.253125 0.588889 0.259896 0.575000 0.265625 0.575000 0.265625 0.568519 0.257812 0.564815 0.256250 0.549074 0.177604 0.549074 0.177604 0.559259 0.173958 0.562963 0.166146 0.560185 0.165625 0.549074 0.065104 0.549074 0.065104 0.572222 0.077604 0.573148 0.065104 0.576852
2 0.265104 0.672222 0.278125 0.672222 0.278125 0.662037 0.279687 0.661111 0.279687 0.659259 0.281250 0.658333 0.281771 0.655556 0.285938 0.655556 0.286458 0.652778 0.290625 0.652778 0.291146 0.650000 0.293750 0.650000 0.294271 0.647222 0.296875 0.647222 0.297396 0.644444 0.300000 0.644444 0.300521 0.641667 0.309375 0.641667 0.309896 0.638889 0.312500 0.638889 0.312500 0.634259 0.314063 0.633333 0.314063 0.618519 0.312500 0.617593 0.312500 0.604630 0.265104 0.604630
2 0.265104 0.571296 0.265104 0.627778 0.287500 0.627778 0.287500 0.617593 0.290625 0.616667 0.291146 0.613889 0.295312 0.613889 0.295833 0.611111 0.306250 0.611111 0.306771 0.608333 0.312500 0.608333 0.313021 0.605556 0.315625 0.605556 0.316146 0.602778 0.321875 0.602778 0.321875 0.571296
2 0.264062 0.804630 0.246354 0.804630 0.246354 0.817593 0.238021 0.832407 0.235417 0.832407 0.234896 0.835185 0.229167 0.837963 0.225521 0.846296 0.222917 0.846296 0.219271 0.854630 0.216667 0.854630 0.216146 0.857407 0.210417 0.860185 0.208333 0.865741 0.202604 0.865741 0.202604 0.927778 0.210938 0.927778 0.210938 0.914815 0.214062 0.913889 0.218750 0.905556 0.218750 0.900926 0.221875 0.897222 0.222396 0.891667 0.225000 0.891667 0.225521 0.888889 0.228125 0.888889 0.228646 0.886111 0.234375 0.883333 0.238021 0.875000 0.240625 0.875000 0.242188 0.872222 0.242188 0.867593 0.248958 0.855556 0.259375 0.850000 0.264062 0.841667 0.264062 0.831481 0.265625 0.830556 0.265625 0.824074 0.264062 0.823148
2 0.265625 0.671296 0.236979 0.671296 0.236458 0.682407 0.233854 0.682407 0.233333 0.685185 0.229167 0.685185 0.228646 0.687963 0.226042 0.687963 0.223958 0.693519 0.216667 0.693519 0.216146 0.696296 0.211979 0.696296 0.211458 0.699074 0.208854 0.699074 0.208333 0.701852 0.202604 0.701852 0.202604 0.750000 0.209375 0.750000 0.209896 0.747222 0.212500 0.747222 0.213021 0.744444 0.215625 0.744444 0.216146 0.741667 0.221875 0.741667 0.222396 0.738889 0.225000 0.738889 0.225521 0.736111 0.228125 0.736111 0.230208 0.730556 0.232813 0.730556 0.233333 0.727778 0.235937 0.727778 0.236458 0.725000 0.239063 0.725000 0.239583 0.722222 0.242188 0.722222 0.242708 0.719444 0.246875 0.719444 0.247396 0.716667 0.251563 0.716667 0.252083 0.713889 0.254688 0.713889 0.255208 0.711111 0.257812 0.711111 0.258333 0.708333 0.265625 0.708333
2 0.321875 0.671296 0.299479 0.671296 0.298958 0.682407 0.296354 0.682407 0.295833 0.685185 0.293229 0.685185 0.292708 0.687963 0.290104 0.687963 0.289583 0.690741 0.286979 0.690741 0.286979 0.692593 0.285417 0.693519 0.284896 0.696296 0.279167 0.696296 0.278646 0.699074 0.271354 0.699074 0.271354 0.750000 0.282813 0.750000 0.282813 0.739815 0.284375 0.738889 0.284896 0.736111 0.287500 0.736111 0.288021 0.733333 0.290625 0.733333 0.291146 0.730556 0.295312 0.730556 0.295312 0.728704 0.296875 0.727778 0.297396 0.725000 0.300000 0.725000 0.300521 0.722222 0.303125 0.722222 0.303646 0.719444 0.306250 0.719444 0.306771 0.716667 0.309375 0.716667 0.309896 0.713889 0.312500 0.713889 0.313021 0.711111 0.315625 0.711111 0.316146 0.708333 0.321875 0.708333
2 0.271875 0.749074 0.243229 0.749074 0.243229 0.770370 0.239583 0.776852 0.236979 0.776852 0.234896 0.782407 0.232292 0.782407 0.230208 0.787963 0.227604 0.787963 0.227083 0.790741 0.221354 0.790741 0.220833 0.793519 0.216667 0.793519 0.214583 0.799074 0.211979 0.799074 0.209896 0.804630 0.202604 0.804630 0.202604 0.872222 0.210938 0.872222 0.210938 0.859259 0.213021 0.855556 0.218750 0.852778 0.222396 0.844444 0.225000 0.844444 0.228646 0.836111 0.231250 0.836111 0.231771 0.833333 0.237500 0.830556 0.248958 0.808333 0.251563 0.808333 0.252083 0.805556 0.254688 0.805556 0.255208 0.802778 0.260937 0.800000 0.264062 0.794444 0.264062 0.778704 0.266146 0.775000 0.271875 0.775000
2 0.000000 0.312963 0.000000 0.375000 0.027083 0.366667 0.119271 0.361111 0.131771 0.363889 0.138542 0.372222 0.163021 0.375000 0.169792 0.383333 0.196875 0.386111 0.196875 0.379630 0.192188 0.374074 0.170833 0.368519 0.161458 0.358333 0.167708 0.352778 0.215625 0.355556 0.215625 0.293519 0.193229 0.293519 0.193229 0.308333 0.202604 0.325926 0.197396 0.340741 0.128646 0.304630 0.128125 0.293519 0.024479 0.293519 0.022396 0.307407
2 0.000000 0.237963 0.000000 0.311111 0.010937 0.311111 0.038021 0.300000 0.116146 0.297222 0.195833 0.338889 0.207292 0.350926 0.207292 0.361111 0.217188 0.361111 0.217188 0.348148 0.221875 0.338889 0.220312 0.324074 0.212500 0.304630 0.197396 0.299074 0.187500 0.279630 0.133333 0.251852 0.132812 0.237963
2 0.000000 0.437963 0.000000 0.505556 0.054688 0.505556 0.114583 0.497222 0.205208 0.497222 0.232292 0.502778 0.259375 0.500000 0.259375 0.437963
2 0.321875 0.749074 0.301042 0.749074 0.301042 0.759259 0.299479 0.760185 0.297396 0.765741 0.294792 0.765741 0.294271 0.768519 0.291667 0.768519 0.289583 0.774074 0.286979 0.774074 0.286458 0.776852 0.283854 0.776852 0.283333 0.779630 0.280729 0.779630 0.280208 0.782407 0.277604 0.782407 0.277083 0.785185 0.272917 0.785185 0.272396 0.787963 0.265104 0.787963 0.265104 0.838889 0.279687 0.838889 0.279687 0.825926 0.282813 0.825000 0.284896 0.819444 0.287500 0.819444 0.287500 0.814815 0.289062 0.813889 0.291146 0.808333 0.293750 0.808333 0.294271 0.805556 0.296875 0.805556 0.297396 0.802778 0.300000 0.802778 0.300521 0.800000 0.303125 0.800000 0.303646 0.797222 0.306250 0.797222 0.306250 0.795370 0.307812 0.794444 0.309896 0.788889 0.312500 0.788889 0.313021 0.786111 0.315625 0.786111 0.315625 0.784259 0.318750 0.780556 0.318750 0.775926 0.320312 0.775000 0.320312 0.764815 0.321875 0.763889
2 0.203125 0.726852 0.165104 0.726852 0.165104 0.737037 0.163021 0.740741 0.149479 0.749074 0.147396 0.754630 0.144792 0.754630 0.139583 0.762963 0.129167 0.765741 0.128646 0.768519 0.108854 0.771296 0.108333 0.774074 0.096354 0.776852 0.091146 0.782407 0.071354 0.782407 0.071354 0.841667 0.078646 0.841667 0.079167 0.844444 0.100000 0.841667 0.100521 0.838889 0.104688 0.838889 0.109896 0.833333 0.129688 0.827778 0.133333 0.822222 0.137500 0.822222 0.148958 0.811111 0.153125 0.811111 0.153646 0.808333 0.159375 0.805556 0.167708 0.791667 0.179688 0.786111 0.181771 0.780556 0.184375 0.780556 0.188021 0.775000 0.192188 0.775000 0.195833 0.763889 0.203125 0.763889
2 0.252604 0.337963 0.252604 0.377778 0.267708 0.377778 0.268229 0.380556 0.273958 0.380556 0.274479 0.383333 0.278646 0.383333 0.279167 0.386111 0.286458 0.386111 0.286979 0.388889 0.294271 0.388889 0.294792 0.391667 0.300521 0.391667 0.301042 0.394444 0.309896 0.394444 0.310417 0.397222 0.319271 0.397222 0.319792 0.400000 0.329688 0.400000 0.329688 0.398148 0.331250 0.397222 0.331250 0.392593 0.332813 0.391667 0.332813 0.387037 0.334375 0.386111 0.334375 0.379630 0.333333 0.379630 0.329688 0.371296 0.327083 0.371296 0.326562 0.368519 0.323958 0.368519 0.323437 0.365741 0.319271 0.365741 0.318750 0.362963 0.314583 0.362963 0.314063 0.360185 0.309896 0.360185 0.309375 0.357407 0.305208 0.357407 0.304688 0.354630 0.297396 0.354630 0.296875 0.351852 0.292708 0.351852 0.292187 0.349074 0.289583 0.349074 0.289062 0.337963
2 0.000000 0.371296 0.000000 0.441667 0.059896 0.430556 0.139583 0.430556 0.163542 0.441667 0.186458 0.441667 0.197917 0.450000 0.253125 0.450000 0.253125 0.371296 0.207292 0.371296 0.207292 0.383333 0.211458 0.396296 0.169271 0.385185 0.165625 0.381481 0.165625 0.371296
2 0.000000 0.441667 0.023438 0.438889 0.033333 0.433333 0.056250 0.433333 0.056771 0.430556 0.154688 0.427778 0.171875 0.419444 0.171875 0.412963 0.167187 0.406481 0.169271 0.402778 0.180208 0.402778 0.183854 0.408333 0.196875 0.405556 0.196875 0.387963 0.181771 0.387963 0.175000 0.382407 0.142708 0.374074 0.139063 0.370370 0.139063 0.360185 0.015104 0.360185 0.013021 0.374074 0.000000 0.379630
2 0.215625 0.649074 0.194792 0.649074 0.194271 0.662963 0.190104 0.662963 0.186458 0.668519 0.177604 0.671296 0.169271 0.679630 0.155729 0.682407 0.152083 0.687963 0.138542 0.693519 0.130208 0.701852 0.110417 0.701852 0.109896 0.704630 0.104167 0.704630 0.097396 0.712963 0.071354 0.715741 0.071354 0.780556 0.104688 0.775000 0.105208 0.772222 0.112500 0.772222 0.117708 0.766667 0.140625 0.761111 0.147396 0.750000 0.154688 0.747222 0.161458 0.738889 0.165625 0.738889 0.167708 0.733333 0.173437 0.730556 0.178646 0.722222 0.193750 0.716667 0.197396 0.708333 0.215625 0.702778
2 0.246354 0.240741 0.246354 0.272222 0.253646 0.272222 0.254167 0.275000 0.256771 0.275000 0.257292 0.277778 0.259896 0.277778 0.260417 0.280556 0.263021 0.280556 0.263542 0.283333 0.266146 0.283333 0.266667 0.286111 0.269271 0.286111 0.269792 0.288889 0.275521 0.291667 0.277604 0.297222 0.280208 0.297222 0.280729 0.300000 0.283333 0.300000 0.283854 0.302778 0.288021 0.302778 0.288542 0.305556 0.291146 0.305556 0.291667 0.308333 0.294271 0.308333 0.294792 0.311111 0.297396 0.311111 0.297917 0.313889 0.300521 0.313889 0.301042 0.316667 0.303646 0.316667 0.304167 0.319444 0.308333 0.319444 0.308854 0.322222 0.314583 0.325000 0.316667 0.328704 0.316667 0.338889 0.328125 0.338889 0.328125 0.296296 0.320833 0.296296 0.317188 0.287963 0.314583 0.287963 0.310937 0.279630 0.305208 0.279630 0.304688 0.276852 0.298958 0.276852 0.298438 0.274074 0.295833 0.274074 0.285938 0.254630 0.283333 0.254630 0.281250 0.249074 0.278646 0.249074 0.276562 0.243519 0.273958 0.243519 0.271875 0.239815 0.271875 0.226852 0.255729 0.226852 0.255729 0.237037 0.253646 0.240741
2 0.258854 0.537963 0.258854 0.580556 0.266146 0.580556 0.266667 0.583333 0.269271 0.583333 0.269792 0.594444 0.289062 0.594444 0.289583 0.583333 0.292187 0.583333 0.292708 0.580556 0.296875 0.580556 0.297396 0.577778 0.300000 0.577778 0.300521 0.575000 0.303125 0.575000 0.303646 0.572222 0.307812 0.572222 0.308333 0.569444 0.317708 0.569444 0.318229 0.572222 0.321354 0.573148 0.318229 0.574074 0.317708 0.576852 0.315104 0.576852 0.314583 0.579630 0.307292 0.579630 0.307292 0.594444 0.334375 0.594444 0.334375 0.537963
2 0.258854 0.526852 0.258854 0.580556 0.266146 0.580556 0.268229 0.584259 0.268229 0.594444 0.292187 0.594444 0.292708 0.583333 0.301563 0.580556 0.303646 0.572222 0.309375 0.572222 0.309896 0.569444 0.316146 0.569444 0.316667 0.572222 0.319792 0.573148 0.316667 0.574074 0.316146 0.576852 0.304167 0.576852 0.304167 0.594444 0.343750 0.594444 0.343750 0.570370 0.350521 0.561111 0.359375 0.561111 0.359375 0.526852
2 0.102604 0.958333 0.129688 0.950000 0.130208 0.944444 0.136458 0.938889 0.140625 0.938889 0.144271 0.930556 0.148438 0.930556 0.155208 0.919444 0.171875 0.911111 0.183333 0.894444 0.192188 0.888889 0.201563 0.872222 0.203646 0.863889 0.209375 0.863889 0.209375 0.826852 0.102604 0.826852 0.102604 0.930556 0.120833 0.930556 0.122917 0.934259 0.122396 0.943519 0.102604 0.943519
2 0.000000 0.443519 0.000000 0.516667 0.015625 0.516667 0.016146 0.505556 0.053125 0.505556 0.072396 0.500000 0.203125 0.497222 0.203125 0.426852 0.191667 0.426852 0.189583 0.440741 0.172396 0.440741 0.170313 0.426852 0.024479 0.426852 0.023958 0.437963
2 0.065104 0.493519 0.065104 0.569444 0.072917 0.572222 0.151562 0.566667 0.156771 0.561111 0.186458 0.558333 0.195833 0.562963 0.174479 0.565741 0.171354 0.571296 0.171354 0.583333 0.228125 0.583333 0.228125 0.551852 0.214062 0.550926 0.228125 0.550000 0.228125 0.493519
2 0.265625 0.704630 0.243229 0.704630 0.243229 0.717593 0.240104 0.718519 0.239583 0.721296 0.236979 0.721296 0.236979 0.725926 0.235417 0.726852 0.234896 0.729630 0.230729 0.729630 0.230208 0.732407 0.226042 0.732407 0.225521 0.735185 0.222917 0.735185 0.220833 0.740741 0.218229 0.740741 0.217708 0.743519 0.213542 0.743519 0.213021 0.746296 0.202604 0.746296 0.202604 0.813889 0.214062 0.813889 0.214583 0.811111 0.220312 0.808333 0.220833 0.802778 0.223438 0.802778 0.225521 0.797222 0.228125 0.797222 0.231771 0.788889 0.234375 0.788889 0.239583 0.777778 0.242188 0.777778 0.244271 0.772222 0.246875 0.772222 0.248958 0.766667 0.251563 0.766667 0.252083 0.763889 0.256250 0.763889 0.256771 0.761111 0.259375 0.761111 0.259896 0.758333 0.265625 0.758333
2 0.209375 0.849074 0.166667 0.849074 0.166667 0.859259 0.164583 0.862963 0.160417 0.862963 0.151042 0.871296 0.148958 0.876852 0.140104 0.882407 0.133333 0.896296 0.126042 0.899074 0.122396 0.907407 0.117708 0.907407 0.117188 0.904630 0.093229 0.907407 0.092708 0.910185 0.077604 0.907407 0.077604 0.936111 0.094792 0.937037 0.091146 0.940741 0.077604 0.940741 0.077604 0.966667 0.087500 0.966667 0.088021 0.963889 0.095312 0.963889 0.095833 0.961111 0.103125 0.963889 0.103646 0.961111 0.117188 0.958333 0.120833 0.952778 0.128125 0.952778 0.136458 0.941667 0.140625 0.941667 0.150521 0.930556 0.154688 0.930556 0.176563 0.911111 0.178646 0.905556 0.184375 0.902778 0.189583 0.891667 0.195312 0.888889 0.203646 0.872222 0.209375 0.872222
2 0.265104 0.666667 0.270833 0.666667 0.271354 0.669444 0.273958 0.669444 0.274479 0.683333 0.295312 0.683333 0.295312 0.671296 0.292708 0.671296 0.292187 0.668519 0.288021 0.668519 0.287500 0.665741 0.284896 0.665741 0.284375 0.662963 0.282813 0.662037 0.284375 0.661111 0.284896 0.658333 0.287500 0.658333 0.288021 0.655556 0.290625 0.655556 0.291146 0.652778 0.293750 0.652778 0.294271 0.650000 0.296875 0.650000 0.297396 0.647222 0.301563 0.647222 0.302083 0.644444 0.312500 0.644444 0.312500 0.642593 0.314063 0.641667 0.314063 0.626852 0.265104 0.626852
