2 0.999479 0.104630 0.905729 0.104630 0.905208 0.115741 0.840104 0.124074 0.830208 0.132407 0.802604 0.135185 0.802604 0.208333 0.839583 0.200000 0.857812 0.200000 0.905208 0.186111 0.923438 0.186111 0.955208 0.175000 0.984375 0.172222 0.994271 0.163889 0.999479 0.163889
2 0.415104 0.915741 0.415104 0.986111 0.421354 0.988889 0.442188 0.988889 0.452083 0.983333 0.528125 0.988889 0.564063 0.975000 0.564063 0.968519 0.557813 0.962037 0.566146 0.952778 0.572396 0.952778 0.577604 0.959259 0.574479 0.975000 0.580729 0.986111 0.601562 0.988889 0.609896 0.980556 0.615625 0.980556 0.615625 0.915741
2 0.999479 0.237963 0.958854 0.237963 0.958854 0.248148 0.947396 0.262963 0.895833 0.260185 0.874479 0.254630 0.861458 0.265741 0.833333 0.271296 0.826042 0.268519 0.811458 0.276852 0.802604 0.276852 0.802604 0.338889 0.811979 0.339815 0.809896 0.346296 0.802604 0.346296 0.802604 0.361111 0.821875 0.361111 0.820312 0.339815 0.830208 0.336111 0.878125 0.330556 0.884896 0.325000 0.925521 0.316667 0.999479 0.308333
2 0.202604 0.915741 0.202604 0.980556 0.209896 0.980556 0.216667 0.986111 0.232813 0.986111 0.233333 0.983333 0.352083 0.986111 0.352604 0.988889 0.384375 0.986111 0.384375 0.915741
2 0.796875 0.149074 0.705729 0.149074 0.703646 0.162963 0.674479 0.165741 0.642708 0.176852 0.590104 0.182407 0.583333 0.190741 0.577604 0.190741 0.577604 0.255556 0.606771 0.244444 0.642188 0.241667 0.656771 0.233333 0.707812 0.230556 0.725521 0.222222 0.796875 0.208333
2 0.802604 0.272222 0.838021 0.263889 0.862500 0.263889 0.881771 0.252778 0.990625 0.238889 0.999479 0.233333 0.999479 0.199074 0.993750 0.192593 0.992188 0.171296 0.971354 0.171296 0.971354 0.183333 0.980729 0.192593 0.976042 0.196296 0.966146 0.218519 0.947396 0.218519 0.937500 0.201852 0.897396 0.190741 0.890625 0.184259 0.890625 0.171296 0.876042 0.171296 0.876042 0.183333 0.886458 0.186111 0.886979 0.192593 0.860417 0.201852 0.852083 0.218519 0.802604 0.215741
2 0.046354 0.915741 0.046354 0.977778 0.146875 0.980556 0.147396 0.977778 0.157812 0.977778 0.164583 0.972222 0.170833 0.972222 0.176042 0.984259 0.176042 0.994444 0.198437 0.994444 0.198958 0.983333 0.201563 0.983333 0.203646 0.977778 0.209375 0.977778 0.209375 0.915741
2 0.415104 0.849074 0.415104 0.925000 0.450521 0.925000 0.456771 0.927778 0.457292 0.938889 0.460938 0.938889 0.461458 0.927778 0.473958 0.922222 0.570833 0.919444 0.597917 0.927778 0.615625 0.922222 0.615625 0.890741 0.608333 0.890741 0.603125 0.881481 0.603125 0.874074 0.600000 0.873148 0.609896 0.863889 0.615625 0.863889 0.615625 0.849074
2 0.577604 0.204630 0.577604 0.241667 0.587500 0.241667 0.595833 0.233333 0.647917 0.228704 0.645833 0.240741 0.619792 0.246296 0.619792 0.252778 0.629167 0.259259 0.625521 0.262963 0.577604 0.260185 0.577604 0.313889 0.593750 0.316667 0.659896 0.300000 0.803125 0.277778 0.803125 0.204630 0.760417 0.204630 0.758333 0.218519 0.750521 0.218519 0.748437 0.204630
2 0.390104 0.335185 0.390104 0.394444 0.397917 0.397222 0.421875 0.397222 0.422396 0.394444 0.434375 0.394444 0.456771 0.386111 0.496875 0.386111 0.513021 0.380556 0.537500 0.380556 0.538021 0.377778 0.564063 0.372222 0.570833 0.366667 0.584375 0.366667 0.584375 0.332407 0.570833 0.332407 0.570312 0.329630 0.472396 0.332407 0.458333 0.326852 0.457813 0.315741 0.440104 0.315741 0.440104 0.325926 0.436458 0.329630 0.413542 0.329630 0.402083 0.335185
2 0.999479 0.818519 0.995313 0.817593 0.995313 0.801852 0.990625 0.792593 0.990625 0.782407 0.946354 0.782407 0.945833 0.793519 0.932292 0.801852 0.927083 0.815741 0.908854 0.821296 0.908333 0.824074 0.877083 0.826852 0.876563 0.824074 0.855208 0.818519 0.850000 0.812963 0.840104 0.812963 0.833854 0.824074 0.833333 0.832407 0.827604 0.832407 0.827604 0.850000 0.833333 0.850000 0.836979 0.855556 0.850521 0.858333 0.851042 0.861111 0.917188 0.861111 0.917708 0.858333 0.925521 0.858333 0.926042 0.861111 0.999479 0.863889
2 0.578125 0.004630 0.529167 0.004630 0.528646 0.015741 0.509896 0.026852 0.451042 0.035185 0.442708 0.043519 0.422396 0.049074 0.392708 0.049074 0.371354 0.043519 0.371354 0.125000 0.410938 0.125000 0.510938 0.108333 0.528646 0.100000 0.554688 0.097222 0.563021 0.091667 0.578125 0.091667
2 0.615104 0.849074 0.615104 0.916667 0.658854 0.925000 0.697396 0.919444 0.788021 0.922222 0.815104 0.927778 0.834375 0.922222 0.834375 0.849074
2 0.615104 0.915741 0.615104 0.986111 0.834375 0.988889 0.834375 0.915741
2 0.377604 0.204630 0.377604 0.275000 0.386458 0.275000 0.386979 0.277778 0.396875 0.277778 0.405208 0.272222 0.443750 0.269444 0.444271 0.266667 0.500000 0.263889 0.514583 0.255556 0.545312 0.255556 0.545833 0.252778 0.578125 0.250000 0.578125 0.204630
2 0.808854 0.404630 0.808854 0.494444 0.973437 0.494444 0.975000 0.471296 0.954688 0.462963 0.922396 0.462963 0.923958 0.458333 0.999479 0.450000 0.999479 0.429630 0.993750 0.424074 0.969271 0.424074 0.960938 0.418519 0.939583 0.421296 0.925521 0.415741 0.934375 0.413889 0.939063 0.404630 0.906250 0.392593 0.906250 0.382407 0.891667 0.382407 0.891667 0.392593 0.888021 0.396296 0.867708 0.393519 0.867188 0.382407 0.840104 0.382407 0.840104 0.395370 0.836458 0.404630
2 0.583854 0.430556 0.637500 0.433333 0.661458 0.425000 0.723437 0.422222 0.803125 0.405556 0.803125 0.360185 0.733854 0.360185 0.731771 0.374074 0.709896 0.382407 0.659375 0.374074 0.628646 0.374074 0.625000 0.370370 0.625000 0.360185 0.616667 0.360185 0.616667 0.372222 0.619792 0.381481 0.616146 0.390741 0.600521 0.393519 0.590625 0.382407 0.583854 0.382407
2 0.615625 0.751852 0.609375 0.750926 0.609375 0.737963 0.544792 0.737963 0.544792 0.750000 0.554167 0.773148 0.538021 0.790741 0.513021 0.796296 0.445833 0.793519 0.417187 0.754630 0.408854 0.754630 0.408854 0.838889 0.437500 0.838889 0.437500 0.826852 0.429688 0.817593 0.431771 0.813889 0.525000 0.808333 0.527083 0.802778 0.536979 0.803704 0.528646 0.815741 0.505208 0.824074 0.469792 0.826852 0.469792 0.838889 0.615625 0.838889 0.615625 0.818519 0.608333 0.818519 0.603125 0.806481 0.609896 0.791667 0.615625 0.791667
2 0.616667 0.663889 0.642708 0.666667 0.652604 0.672222 0.785937 0.669444 0.786458 0.666667 0.815625 0.666667 0.821875 0.661111 0.822396 0.655556 0.828125 0.655556 0.828125 0.646296 0.820833 0.646296 0.803125 0.626852 0.795833 0.629630 0.781250 0.618519 0.738021 0.615741 0.737500 0.604630 0.704167 0.604630 0.703646 0.615741 0.693229 0.615741 0.672917 0.626852 0.667708 0.640741 0.656771 0.649074 0.633854 0.654630 0.627083 0.660185 0.619792 0.657407
2 0.000000 0.032407 0.000000 0.105556 0.018229 0.133333 0.142187 0.108333 0.158333 0.097222 0.319271 0.088889 0.333854 0.095370 0.302083 0.129630 0.266667 0.135185 0.269792 0.141667 0.303125 0.141667 0.335938 0.130556 0.351562 0.108333 0.348438 0.084259 0.353125 0.043519 0.343750 0.004630 0.286979 0.004630 0.283333 0.018519 0.265104 0.021296 0.252083 0.035185 0.196875 0.028704 0.200000 0.004630 0.060417 0.004630 0.060417 0.014815 0.053646 0.021296
2 0.596875 0.510185 0.584896 0.504630 0.584375 0.493519 0.532292 0.493519 0.532292 0.503704 0.528646 0.507407 0.479167 0.512963 0.480729 0.519444 0.503646 0.519444 0.508854 0.525000 0.517708 0.525000 0.514583 0.532407 0.466667 0.535185 0.442708 0.546296 0.427083 0.546296 0.420312 0.535185 0.409375 0.526852 0.396354 0.526852 0.396354 0.566667 0.579688 0.558333 0.589583 0.550000 0.596875 0.550000
2 0.608854 0.757407 0.608854 0.797222 0.823438 0.797222 0.828646 0.786111 0.834375 0.786111 0.834375 0.779630 0.828646 0.779630 0.826562 0.770370 0.825000 0.726852 0.619792 0.726852 0.619792 0.750926 0.616146 0.757407
2 0.602604 0.710185 0.602604 0.727778 0.635417 0.733333 0.773958 0.727778 0.818750 0.730556 0.828125 0.727778 0.828125 0.690741 0.822396 0.690741 0.818750 0.684259 0.818750 0.671296 0.643229 0.671296 0.643229 0.700000 0.646354 0.703704 0.644271 0.707407 0.630208 0.712963
2 0.827604 0.715741 0.827604 0.794444 0.848437 0.794444 0.848958 0.791667 0.862500 0.791667 0.863021 0.788889 0.892188 0.791667 0.892708 0.788889 0.906250 0.788889 0.906771 0.786111 0.948438 0.786111 0.948958 0.783333 0.990625 0.786111 0.995313 0.783333 0.996875 0.775000 0.992188 0.751852 0.989062 0.748148 0.990625 0.734259 0.996875 0.727778 0.996875 0.715741
2 0.999479 0.326852 0.995313 0.323148 0.993750 0.304630 0.957292 0.304630 0.956771 0.315741 0.938021 0.324074 0.890104 0.321296 0.850521 0.335185 0.802604 0.337963 0.802604 0.394444 0.831771 0.391667 0.843229 0.400000 0.862500 0.400000 0.905208 0.386111 0.925000 0.386111 0.942708 0.380556 0.990625 0.380556 0.999479 0.375000
2 0.396354 0.382407 0.396354 0.452778 0.407813 0.452778 0.425521 0.444444 0.473438 0.444444 0.473958 0.441667 0.507812 0.438889 0.534896 0.430556 0.575000 0.430556 0.575521 0.427778 0.590625 0.430556 0.590625 0.410185 0.583854 0.410185 0.580208 0.424074 0.567708 0.424074 0.552083 0.415741 0.553125 0.404630 0.546875 0.401852 0.541146 0.404630 0.540625 0.401852 0.477083 0.399074 0.476562 0.396296 0.448958 0.399074 0.440625 0.392593 0.440625 0.382407
2 0.577604 0.282407 0.577604 0.313889 0.591667 0.317593 0.583854 0.345370 0.577604 0.346296 0.577604 0.355556 0.583333 0.355556 0.590104 0.372222 0.769271 0.352778 0.766146 0.374074 0.744271 0.396296 0.719792 0.401852 0.716667 0.416667 0.795312 0.416667 0.795833 0.405556 0.803125 0.405556 0.803125 0.282407 0.744792 0.282407 0.744792 0.292593 0.738021 0.299074 0.660417 0.304630 0.628646 0.321296 0.606771 0.313889 0.622396 0.302778 0.654687 0.302778 0.660937 0.297222 0.660937 0.282407
2 0.615104 0.782407 0.615104 0.805556 0.621354 0.806481 0.615104 0.807407 0.615104 0.855556 0.700521 0.855556 0.728125 0.861111 0.770833 0.852778 0.794271 0.852778 0.802604 0.858333 0.826562 0.861111 0.834375 0.850000 0.832812 0.821296 0.826562 0.803704 0.826562 0.782407
2 0.815104 0.532407 0.815104 0.600000 0.826042 0.603704 0.821354 0.612963 0.821354 0.627778 0.835938 0.627778 0.835938 0.606481 0.841146 0.602778 0.854688 0.602778 0.863021 0.597222 0.909896 0.588889 0.945312 0.588889 0.945833 0.586111 0.979688 0.588889 0.993750 0.586111 0.999479 0.580556 0.999479 0.560185 0.992188 0.548148 0.995313 0.541667 0.993750 0.535185 0.970833 0.535185 0.962500 0.529630 0.936458 0.526852 0.935937 0.515741 0.846354 0.515741 0.846354 0.525926 0.841146 0.529630
2 0.383854 0.333333 0.437500 0.330556 0.463021 0.319444 0.518750 0.319444 0.564063 0.308333 0.570833 0.302778 0.584375 0.300000 0.584375 0.265741 0.577083 0.265741 0.573438 0.259259 0.573438 0.249074 0.433854 0.249074 0.433333 0.260185 0.432812 0.249074 0.424479 0.249074 0.423958 0.271296 0.415104 0.274074 0.411458 0.282407 0.405208 0.285185 0.383854 0.285185
2 0.596875 0.560185 0.543229 0.560185 0.543229 0.570370 0.538021 0.576852 0.532292 0.576852 0.529167 0.582407 0.530729 0.592593 0.527083 0.596296 0.525000 0.593519 0.519271 0.596296 0.494792 0.593519 0.494271 0.596296 0.471354 0.599074 0.453646 0.610185 0.441667 0.610185 0.428646 0.615741 0.402604 0.610185 0.402604 0.630556 0.420312 0.630556 0.420833 0.627778 0.429688 0.627778 0.433333 0.622222 0.512500 0.625000 0.513021 0.622222 0.542188 0.622222 0.542708 0.619444 0.557813 0.619444 0.558333 0.616667 0.596875 0.613889
2 0.809375 0.590741 0.802083 0.590741 0.798438 0.582407 0.784896 0.576852 0.781250 0.571296 0.751042 0.568519 0.747396 0.574074 0.733333 0.576852 0.718750 0.565741 0.711979 0.565741 0.709896 0.571296 0.694792 0.574074 0.694271 0.576852 0.674479 0.582407 0.673958 0.585185 0.649479 0.587963 0.648958 0.590741 0.635417 0.593519 0.630208 0.599074 0.616667 0.599074 0.611979 0.601852 0.613542 0.608333 0.631771 0.608333 0.632292 0.611111 0.732812 0.611111 0.733333 0.608333 0.756250 0.608333 0.756771 0.605556 0.767188 0.605556 0.767708 0.602778 0.779687 0.602778 0.780208 0.600000 0.796875 0.597222 0.797396 0.594444 0.809375 0.594444
2 0.833854 0.915741 0.833854 0.986111 0.853646 0.986111 0.854167 0.988889 0.878125 0.988889 0.878646 0.986111 0.925000 0.988889 0.928646 0.986111 0.929167 0.988889 0.981771 0.988889 0.982292 0.991667 0.999479 0.988889 0.999479 0.929630 0.972396 0.926852 0.971875 0.915741 0.910417 0.915741 0.910417 0.925926 0.905208 0.929630 0.891146 0.926852 0.890625 0.915741
2 0.808854 0.449074 0.808854 0.550000 0.887500 0.550000 0.887500 0.532407 0.884375 0.529630 0.839583 0.535185 0.820833 0.532407 0.819271 0.527778 0.927083 0.527778 0.929167 0.550000 0.968750 0.550000 0.967187 0.535185 0.947396 0.525000 0.990625 0.516667 0.999479 0.508333 0.999479 0.501852 0.992188 0.490741 0.969271 0.485185 0.967187 0.481481 0.971875 0.475000 0.970313 0.468519 0.919271 0.460185 0.918750 0.449074
2 0.821354 0.649074 0.821354 0.722222 0.832292 0.725000 0.836458 0.722222 0.996875 0.725000 0.999479 0.722222 0.999479 0.704630 0.986458 0.701852 0.981250 0.696296 0.970833 0.696296 0.954688 0.687963 0.925521 0.690741 0.917188 0.685185 0.895833 0.685185 0.894271 0.680556 0.904687 0.680556 0.908333 0.675000 0.917188 0.672222 0.918750 0.649074
2 0.196354 0.693519 0.196354 0.783333 0.254688 0.783333 0.254688 0.771296 0.241146 0.762963 0.242708 0.758333 0.298438 0.755556 0.314583 0.750000 0.346875 0.750000 0.347396 0.747222 0.378125 0.744444 0.378125 0.693519
2 0.002604 0.200000 0.083333 0.180556 0.129688 0.177778 0.152083 0.166667 0.201563 0.163889 0.267708 0.144444 0.321875 0.138889 0.353125 0.122222 0.353125 0.093519 0.230729 0.093519 0.230208 0.104630 0.206771 0.104630 0.206250 0.093519 0.172917 0.093519 0.172396 0.104630 0.170313 0.093519 0.002604 0.093519
2 0.821354 0.596296 0.821354 0.683333 0.840625 0.683333 0.840625 0.673148 0.842708 0.669444 0.875000 0.663889 0.875521 0.661111 0.890625 0.661111 0.891146 0.658333 0.921875 0.658333 0.922396 0.655556 0.951562 0.655556 0.952083 0.652778 0.999479 0.655556 0.999479 0.599074 0.995833 0.599074 0.992188 0.592593 0.992188 0.582407 0.955729 0.582407 0.955208 0.593519 0.941146 0.599074 0.920833 0.596296 0.917188 0.592593 0.917188 0.582407 0.849479 0.582407 0.848958 0.593519
2 0.836979 0.901852 0.840104 0.913889 0.847917 0.919444 0.886458 0.922222 0.894792 0.927778 0.934896 0.922222 0.935417 0.925000 0.999479 0.930556 0.999479 0.849074 0.847917 0.849074 0.849479 0.863889 0.867708 0.866667 0.879167 0.873148 0.873958 0.879630 0.843229 0.885185 0.838542 0.890741
2 0.266667 0.804630 0.266667 0.816667 0.268229 0.817593 0.269792 0.830556 0.275521 0.833333 0.279167 0.839815 0.273958 0.849074 0.268229 0.851852 0.266146 0.857407 0.261979 0.857407 0.261979 0.863889 0.266146 0.863889 0.266667 0.866667 0.301563 0.869444 0.302083 0.866667 0.314063 0.866667 0.314583 0.863889 0.342187 0.863889 0.342708 0.861111 0.378125 0.863889 0.378125 0.840741 0.368229 0.840741 0.364583 0.846296 0.358854 0.846296 0.352083 0.857407 0.322396 0.851852 0.320312 0.848148 0.325521 0.838889 0.342187 0.830556 0.342187 0.824074 0.337500 0.817593 0.337500 0.804630
2 0.000000 0.526852 0.000000 0.558333 0.016146 0.547222 0.058854 0.548148 0.052604 0.557407 0.058854 0.570370 0.044271 0.582407 0.000000 0.568519 0.000000 0.602778 0.139063 0.597222 0.291146 0.575000 0.378125 0.575000 0.378125 0.540741 0.370833 0.540741 0.368750 0.526852 0.318229 0.526852 0.313542 0.553704 0.303646 0.562963 0.293750 0.559259 0.285938 0.526852 0.191667 0.526852 0.189583 0.549074 0.127083 0.557407 0.090625 0.548148 0.125000 0.538889 0.125000 0.526852
2 0.396354 0.437963 0.396354 0.511111 0.443750 0.508333 0.478646 0.500000 0.554688 0.500000 0.564583 0.494444 0.584375 0.494444 0.591146 0.486111 0.596875 0.486111 0.596875 0.465741 0.589063 0.462037 0.585938 0.437963 0.455729 0.437963 0.455729 0.450000 0.466146 0.452778 0.469792 0.459259 0.464583 0.468519 0.457292 0.468519 0.455208 0.482407 0.441146 0.487963 0.420833 0.485185 0.421875 0.471296 0.409375 0.459259 0.420312 0.450000 0.420312 0.437963
2 0.796875 0.415741 0.752604 0.415741 0.750521 0.437963 0.728646 0.460185 0.717708 0.462963 0.672917 0.460185 0.644271 0.468519 0.596354 0.462963 0.596354 0.491667 0.656250 0.488889 0.672396 0.477778 0.763542 0.481481 0.743229 0.490741 0.739583 0.507407 0.654167 0.507407 0.630208 0.515741 0.596354 0.510185 0.596354 0.538889 0.796875 0.538889
