2 0.015104 0.713889 0.025000 0.713889 0.025521 0.711111 0.037500 0.708333 0.038021 0.705556 0.042188 0.705556 0.048958 0.697222 0.067187 0.691667 0.070833 0.686111 0.084375 0.683333 0.091146 0.675000 0.106250 0.672222 0.106771 0.669444 0.112500 0.669444 0.113021 0.666667 0.117188 0.666667 0.122396 0.661111 0.139063 0.655556 0.137500 0.604630 0.055729 0.604630 0.055208 0.615741 0.051042 0.615741 0.050521 0.618519 0.038542 0.618519 0.038021 0.621296 0.027604 0.621296 0.022396 0.629630 0.015104 0.629630
2 0.146875 0.649074 0.126042 0.649074 0.126042 0.659259 0.116146 0.668519 0.088542 0.676852 0.080208 0.685185 0.074479 0.685185 0.073958 0.687963 0.068229 0.687963 0.058333 0.696296 0.046354 0.699074 0.045833 0.701852 0.027604 0.710185 0.020833 0.718519 0.015104 0.718519 0.015104 0.788889 0.028125 0.788889 0.028646 0.786111 0.043750 0.783333 0.044271 0.780556 0.062500 0.772222 0.066146 0.766667 0.076563 0.763889 0.077083 0.761111 0.081250 0.761111 0.091146 0.752778 0.096875 0.752778 0.105208 0.744444 0.129688 0.733333 0.141146 0.722222 0.146875 0.722222
2 0.786979 0.593519 0.786979 0.625926 0.785417 0.626852 0.786979 0.650000 0.806771 0.655556 0.810417 0.661111 0.817708 0.661111 0.818229 0.663889 0.830208 0.666667 0.830729 0.669444 0.841146 0.672222 0.841667 0.675000 0.852083 0.675000 0.860417 0.683333 0.880208 0.686111 0.888542 0.695370 0.888542 0.705556 0.898438 0.705556 0.898438 0.692593 0.901563 0.691667 0.906250 0.683333 0.906250 0.673148 0.907813 0.672222 0.906250 0.646296 0.894271 0.640741 0.892188 0.634259 0.895833 0.627778 0.904687 0.630556 0.909896 0.619444 0.915625 0.619444 0.915625 0.593519
2 0.127604 0.304630 0.127604 0.361111 0.143750 0.361111 0.144271 0.358333 0.166146 0.361111 0.166667 0.363889 0.173958 0.363889 0.174479 0.366667 0.177083 0.366667 0.180729 0.372222 0.184896 0.372222 0.185417 0.375000 0.195833 0.377778 0.199479 0.383333 0.213021 0.386111 0.218229 0.394444 0.234375 0.394444 0.234375 0.390741 0.227083 0.390741 0.225000 0.387037 0.225521 0.375000 0.234375 0.375000 0.234375 0.326852 0.218229 0.324074 0.218229 0.353704 0.216146 0.357407 0.212500 0.349074 0.209896 0.349074 0.203125 0.340741 0.184896 0.332407 0.175000 0.321296 0.167708 0.318519 0.165625 0.314815 0.165625 0.304630
2 0.777604 0.649074 0.777604 0.702778 0.784896 0.702778 0.788542 0.708333 0.792708 0.708333 0.797917 0.716667 0.802083 0.716667 0.811979 0.727778 0.820833 0.730556 0.827604 0.738889 0.844271 0.741667 0.851042 0.750000 0.863021 0.755556 0.865104 0.761111 0.869271 0.761111 0.869792 0.763889 0.875521 0.763889 0.876042 0.766667 0.881771 0.766667 0.882292 0.769444 0.893750 0.769444 0.894271 0.766667 0.896875 0.766667 0.896875 0.725926 0.898438 0.725000 0.900000 0.701852 0.895312 0.693519 0.886458 0.690741 0.885938 0.687963 0.867708 0.685185 0.867188 0.682407 0.861458 0.682407 0.860938 0.679630 0.839583 0.676852 0.839063 0.674074 0.831771 0.671296 0.831250 0.668519 0.820833 0.668519 0.820312 0.665741 0.812500 0.662037 0.812500 0.649074
2 0.002604 0.537963 0.002604 0.625000 0.034375 0.625000 0.034896 0.622222 0.064062 0.616667 0.064583 0.613889 0.071875 0.613889 0.072396 0.611111 0.079687 0.611111 0.080208 0.608333 0.125000 0.600000 0.125521 0.597222 0.131250 0.597222 0.134896 0.591667 0.140625 0.591667 0.140625 0.537963 0.026042 0.537963 0.025521 0.549074 0.017708 0.549074 0.017188 0.537963
2 0.658854 0.560185 0.658854 0.597222 0.667708 0.597222 0.668229 0.600000 0.672396 0.600000 0.676042 0.605556 0.706771 0.608333 0.707292 0.611111 0.714583 0.611111 0.718229 0.616667 0.736458 0.622222 0.736979 0.625000 0.741146 0.625000 0.741667 0.627778 0.767708 0.630556 0.768229 0.633333 0.772396 0.633333 0.776042 0.638889 0.779687 0.638889 0.781250 0.636111 0.781250 0.585185 0.779687 0.584259 0.784375 0.575000 0.784375 0.560185
2 0.008854 0.460185 0.008854 0.547222 0.056250 0.544444 0.056771 0.541667 0.093750 0.541667 0.094271 0.538889 0.123438 0.536111 0.123958 0.533333 0.140625 0.530556 0.140625 0.460185
2 0.002604 0.371296 0.002604 0.461111 0.011458 0.461111 0.011979 0.463889 0.073438 0.463889 0.073958 0.461111 0.084896 0.461111 0.085417 0.463889 0.121875 0.463889 0.122396 0.461111 0.134375 0.461111 0.134375 0.426852 0.128646 0.426852 0.126562 0.410185 0.117188 0.399074 0.088021 0.396296 0.087500 0.393519 0.083333 0.393519 0.078125 0.387963 0.044271 0.385185 0.043750 0.382407 0.039062 0.381481 0.039062 0.371296
2 0.783854 0.882407 0.783854 0.944444 0.792708 0.944444 0.793229 0.947222 0.802083 0.952778 0.810417 0.966667 0.813021 0.966667 0.816667 0.975000 0.819271 0.975000 0.821354 0.980556 0.823958 0.980556 0.829167 0.988889 0.831771 0.988889 0.833854 0.992593 0.833854 0.999074 0.903125 0.999074 0.903125 0.976852 0.886458 0.976852 0.885938 0.974074 0.881771 0.974074 0.875000 0.965741 0.866146 0.962963 0.864062 0.957407 0.858333 0.954630 0.851562 0.943519 0.847396 0.943519 0.846875 0.940741 0.838021 0.935185 0.831250 0.924074 0.822396 0.918519 0.820312 0.912963 0.814583 0.910185 0.807813 0.899074 0.802083 0.896296 0.801562 0.882407
2 0.002604 0.293519 0.002604 0.375000 0.014583 0.375000 0.015104 0.377778 0.030208 0.380556 0.030729 0.383333 0.044271 0.383333 0.044792 0.386111 0.055208 0.386111 0.055729 0.388889 0.066146 0.388889 0.066667 0.391667 0.089583 0.394444 0.090104 0.397222 0.097396 0.397222 0.097917 0.400000 0.105208 0.400000 0.105729 0.402778 0.128125 0.400000 0.128125 0.349074 0.122396 0.349074 0.115625 0.337963 0.091146 0.329630 0.085938 0.324074 0.077083 0.324074 0.076563 0.321296 0.069271 0.321296 0.064062 0.315741 0.050521 0.312963 0.042188 0.303704 0.042188 0.293519
2 0.777604 0.771296 0.777604 0.816667 0.784896 0.816667 0.788542 0.822222 0.792708 0.822222 0.805208 0.833333 0.808854 0.841667 0.816146 0.844444 0.821354 0.852778 0.827083 0.852778 0.836458 0.861111 0.843229 0.872222 0.859896 0.886111 0.863542 0.894444 0.870833 0.897222 0.877604 0.908333 0.883333 0.911111 0.886979 0.917593 0.886979 0.927778 0.903125 0.927778 0.903125 0.843519 0.895833 0.843519 0.893750 0.837963 0.886458 0.835185 0.876563 0.824074 0.870833 0.824074 0.865625 0.815741 0.838021 0.801852 0.831250 0.790741 0.820833 0.785185 0.818750 0.781481 0.818750 0.771296
2 0.133854 0.249074 0.133854 0.305556 0.159896 0.308333 0.160417 0.311111 0.163021 0.311111 0.169792 0.319444 0.173958 0.319444 0.179167 0.327778 0.189583 0.330556 0.194792 0.338889 0.198958 0.338889 0.199479 0.341667 0.206771 0.344444 0.208854 0.352778 0.213021 0.352778 0.213542 0.355556 0.219792 0.359259 0.219792 0.372222 0.239063 0.372222 0.237500 0.351852 0.231250 0.339815 0.228125 0.324074 0.219271 0.321296 0.215625 0.312963 0.209896 0.310185 0.206250 0.301852 0.200521 0.299074 0.196875 0.290741 0.194271 0.290741 0.192188 0.285185 0.189583 0.285185 0.187500 0.279630 0.184896 0.279630 0.176563 0.265741 0.169271 0.262963 0.167187 0.259259 0.167187 0.249074
2 0.230729 0.004630 0.230729 0.019444 0.232292 0.020370 0.232292 0.027778 0.233854 0.028704 0.233854 0.033333 0.236458 0.033333 0.236979 0.036111 0.239583 0.036111 0.240104 0.038889 0.241146 0.038889 0.241667 0.041667 0.242708 0.041667 0.243229 0.044444 0.244271 0.044444 0.244792 0.047222 0.245833 0.047222 0.246354 0.050000 0.247396 0.050000 0.247917 0.052778 0.248958 0.052778 0.249479 0.055556 0.251042 0.056481 0.251042 0.061111 0.252083 0.061111 0.252604 0.063889 0.254167 0.064815 0.254167 0.069444 0.255208 0.069444 0.255729 0.072222 0.257292 0.073148 0.257292 0.083333 0.258333 0.083333 0.258854 0.086111 0.260937 0.086111 0.260937 0.075926 0.262500 0.075000 0.262500 0.051852 0.260937 0.050926 0.260937 0.035185 0.259896 0.035185 0.259375 0.032407 0.258333 0.032407 0.257812 0.029630 0.256250 0.028704 0.256250 0.024074 0.254688 0.023148 0.254688 0.018519 0.253646 0.018519 0.253125 0.015741 0.251563 0.014815 0.251563 0.004630
2 0.652604 0.526852 0.652604 0.558333 0.677083 0.563889 0.677604 0.566667 0.688021 0.566667 0.688542 0.569444 0.716146 0.572222 0.719792 0.577778 0.725521 0.577778 0.726042 0.580556 0.766146 0.580556 0.772917 0.586111 0.778125 0.586111 0.781771 0.580556 0.784896 0.580556 0.785417 0.586111 0.792708 0.588889 0.793229 0.591667 0.809375 0.591667 0.809375 0.540741 0.791667 0.543519 0.785417 0.554630 0.784896 0.560185 0.781250 0.550926 0.779687 0.526852
2 0.658854 0.637963 0.658854 0.669444 0.664583 0.669444 0.665104 0.672222 0.667708 0.672222 0.668229 0.675000 0.672396 0.675000 0.672917 0.677778 0.675521 0.677778 0.676042 0.680556 0.678646 0.680556 0.679167 0.683333 0.683333 0.683333 0.683854 0.686111 0.688021 0.686111 0.688542 0.688889 0.691146 0.688889 0.691667 0.691667 0.694271 0.691667 0.694792 0.694444 0.702083 0.694444 0.702604 0.697222 0.708333 0.697222 0.708854 0.700000 0.714583 0.700000 0.715104 0.702778 0.721875 0.702778 0.721875 0.657407 0.714583 0.657407 0.714063 0.654630 0.706771 0.654630 0.706250 0.651852 0.698958 0.651852 0.698438 0.649074 0.691146 0.649074 0.690625 0.637963
2 0.133854 0.471296 0.133854 0.519444 0.139583 0.519444 0.144792 0.527778 0.156250 0.527778 0.156771 0.525000 0.278125 0.525000 0.278646 0.522222 0.296875 0.522222 0.296875 0.471296 0.285417 0.471296 0.285417 0.481481 0.283333 0.485185 0.275521 0.485185 0.275000 0.471296
2 0.133854 0.360185 0.133854 0.425000 0.142187 0.425000 0.142708 0.422222 0.151562 0.422222 0.152083 0.419444 0.157812 0.419444 0.158333 0.416667 0.164583 0.416667 0.165104 0.419444 0.191146 0.422222 0.191667 0.425000 0.198958 0.425000 0.199479 0.427778 0.205208 0.427778 0.205729 0.430556 0.216146 0.430556 0.216667 0.433333 0.229687 0.436111 0.232813 0.430556 0.231250 0.414815 0.233333 0.411111 0.245833 0.413889 0.246354 0.416667 0.259375 0.416667 0.259375 0.374074 0.250521 0.374074 0.250000 0.371296 0.234896 0.374074 0.232813 0.370370 0.232813 0.360185 0.215104 0.360185 0.215104 0.372222 0.218229 0.378704 0.217708 0.387963 0.206771 0.387963 0.206250 0.385185 0.202083 0.385185 0.196875 0.376852 0.184896 0.374074 0.182812 0.370370 0.182812 0.360185
2 0.658854 0.660185 0.658854 0.713889 0.664583 0.713889 0.665104 0.716667 0.669271 0.716667 0.669792 0.719444 0.675521 0.719444 0.676042 0.722222 0.680208 0.722222 0.682292 0.727778 0.684896 0.727778 0.685417 0.730556 0.688021 0.730556 0.688542 0.733333 0.692708 0.733333 0.693229 0.736111 0.697396 0.736111 0.699479 0.741667 0.703646 0.741667 0.704167 0.744444 0.708333 0.744444 0.708854 0.747222 0.713021 0.747222 0.713542 0.761111 0.721875 0.761111 0.721875 0.701852 0.709896 0.701852 0.709375 0.699074 0.700521 0.699074 0.700000 0.696296 0.697396 0.696296 0.695312 0.690741 0.692708 0.690741 0.692187 0.687963 0.686458 0.687963 0.685937 0.685185 0.683333 0.685185 0.679688 0.676852 0.675521 0.676852 0.675000 0.674074 0.672396 0.674074 0.671875 0.671296 0.670312 0.670370 0.670312 0.660185
2 0.208854 0.672222 0.215625 0.672222 0.215625 0.662037 0.217188 0.661111 0.217708 0.658333 0.220312 0.658333 0.220833 0.655556 0.223438 0.655556 0.223958 0.652778 0.228125 0.652778 0.228646 0.650000 0.231250 0.650000 0.231771 0.647222 0.234375 0.647222 0.234896 0.644444 0.237500 0.644444 0.238021 0.641667 0.243750 0.641667 0.244271 0.638889 0.248438 0.638889 0.248958 0.636111 0.251563 0.636111 0.252083 0.633333 0.257812 0.633333 0.258333 0.630556 0.265625 0.630556 0.266146 0.627778 0.268750 0.627778 0.269271 0.625000 0.271875 0.625000 0.272396 0.622222 0.276562 0.622222 0.277083 0.619444 0.284375 0.619444 0.284375 0.593519 0.233854 0.593519 0.233333 0.607407 0.229167 0.607407 0.228646 0.610185 0.219792 0.610185 0.219271 0.612963 0.208854 0.612963
2 0.133854 0.532407 0.133854 0.594444 0.168750 0.594444 0.168750 0.584259 0.172396 0.580556 0.193750 0.580556 0.208333 0.569444 0.232813 0.569444 0.245833 0.561111 0.275521 0.561111 0.275521 0.574074 0.219792 0.576852 0.216667 0.579630 0.216667 0.594444 0.279687 0.594444 0.278125 0.559259 0.281250 0.546296 0.271875 0.529630 0.170833 0.529630 0.158333 0.526852 0.157812 0.515741 0.144792 0.515741 0.142708 0.529630
2 0.140104 0.650000 0.159375 0.650000 0.159896 0.638889 0.170313 0.636111 0.170833 0.633333 0.175000 0.633333 0.175521 0.630556 0.189062 0.627778 0.192708 0.622222 0.207813 0.616667 0.209896 0.611111 0.225000 0.611111 0.225521 0.608333 0.237500 0.605556 0.241146 0.600000 0.246875 0.600000 0.247396 0.597222 0.271875 0.594444 0.271875 0.571296 0.140104 0.571296
2 0.646354 0.471296 0.646354 0.494444 0.654167 0.495370 0.646354 0.499074 0.646354 0.525000 0.749479 0.528704 0.747396 0.535185 0.663542 0.532407 0.660417 0.550000 0.757812 0.550000 0.758333 0.538889 0.763021 0.538889 0.765625 0.550000 0.765625 0.539815 0.770833 0.536111 0.831771 0.538889 0.832292 0.550000 0.870313 0.550000 0.870313 0.539815 0.903125 0.533333 0.903125 0.471296 0.708854 0.471296 0.708333 0.482407 0.684896 0.485185 0.679688 0.481481 0.679688 0.471296
2 0.702604 0.793519 0.702604 0.841667 0.708333 0.841667 0.708854 0.844444 0.714583 0.847222 0.716667 0.852778 0.719271 0.852778 0.719792 0.855556 0.725521 0.858333 0.727604 0.863889 0.730208 0.863889 0.733854 0.872222 0.736458 0.872222 0.740104 0.880556 0.742708 0.880556 0.744792 0.886111 0.748958 0.886111 0.752604 0.891667 0.756771 0.891667 0.761979 0.900926 0.761979 0.905556 0.769792 0.919444 0.790625 0.919444 0.790625 0.896296 0.784896 0.896296 0.782813 0.882407 0.773438 0.865741 0.764583 0.860185 0.762500 0.854630 0.753646 0.849074 0.746875 0.837963 0.736458 0.832407 0.734375 0.826852 0.731771 0.826852 0.725000 0.815741 0.719271 0.812963 0.717187 0.807407 0.714583 0.807407 0.712500 0.803704 0.712500 0.793519
2 0.159375 0.854630 0.153646 0.854630 0.151562 0.850926 0.151562 0.837963 0.136979 0.837963 0.136979 0.848148 0.123958 0.868519 0.108854 0.882407 0.105208 0.890741 0.099479 0.893519 0.095833 0.901852 0.080729 0.915741 0.073958 0.926852 0.053646 0.943519 0.021354 0.943519 0.021354 0.999074 0.078125 0.999074 0.081771 0.991667 0.115625 0.983333 0.120833 0.969444 0.125521 0.969444 0.133854 0.977778 0.141146 0.977778 0.144792 0.983333 0.159375 0.983333 0.159375 0.904630 0.153125 0.903704 0.153646 0.900000 0.159375 0.900000
2 0.703125 0.093519 0.674479 0.093519 0.674479 0.103704 0.672917 0.104630 0.672917 0.109259 0.671354 0.110185 0.671354 0.112037 0.669792 0.112963 0.669792 0.114815 0.668229 0.115741 0.668229 0.117593 0.666667 0.118519 0.666667 0.120370 0.665104 0.121296 0.665104 0.123148 0.663542 0.124074 0.663542 0.125926 0.661979 0.126852 0.661979 0.128704 0.660417 0.129630 0.660417 0.131481 0.658854 0.132407 0.658854 0.134259 0.657292 0.135185 0.655208 0.140741 0.652604 0.140741 0.652083 0.143519 0.646354 0.143519 0.646354 0.186111 0.653125 0.186111 0.655208 0.180556 0.657813 0.180556 0.659896 0.175000 0.662500 0.175000 0.662500 0.173148 0.664062 0.172222 0.664062 0.170370 0.665625 0.169444 0.667708 0.163889 0.670312 0.163889 0.672396 0.158333 0.675000 0.158333 0.677083 0.152778 0.679688 0.152778 0.680208 0.150000 0.682813 0.150000 0.683333 0.147222 0.687500 0.147222 0.688021 0.144444 0.692187 0.144444 0.692708 0.141667 0.696875 0.141667 0.697396 0.138889 0.703125 0.138889
2 0.896875 0.082407 0.891146 0.082407 0.890625 0.071296 0.863542 0.071296 0.861458 0.087963 0.811458 0.135185 0.807292 0.135185 0.780208 0.165741 0.771354 0.168519 0.758333 0.199074 0.705729 0.246296 0.704167 0.261111 0.760938 0.261111 0.760938 0.250926 0.767708 0.238889 0.798958 0.208333 0.809375 0.205556 0.811458 0.200000 0.825000 0.194444 0.831771 0.186111 0.843750 0.183333 0.845833 0.177778 0.872396 0.161111 0.896875 0.155556
2 0.133854 0.415741 0.133854 0.494444 0.142187 0.494444 0.142187 0.478704 0.145833 0.469444 0.156771 0.466667 0.183333 0.466667 0.211979 0.475000 0.229687 0.475000 0.234896 0.466667 0.250521 0.477778 0.254167 0.484259 0.254167 0.494444 0.290625 0.494444 0.290625 0.451852 0.264583 0.451852 0.262500 0.448148 0.272396 0.441667 0.290625 0.447222 0.290625 0.415741 0.230729 0.415741 0.230729 0.434259 0.228646 0.437963 0.205208 0.429630 0.201563 0.425926 0.201563 0.415741
2 0.215625 0.615741 0.186979 0.615741 0.186979 0.628704 0.183854 0.629630 0.183333 0.632407 0.174479 0.632407 0.173958 0.635185 0.166667 0.635185 0.166146 0.637963 0.160417 0.637963 0.159896 0.640741 0.140104 0.640741 0.140104 0.700000 0.148438 0.700000 0.148958 0.697222 0.173437 0.697222 0.173958 0.694444 0.179688 0.694444 0.181771 0.688889 0.184375 0.688889 0.184896 0.686111 0.189062 0.686111 0.189583 0.683333 0.192188 0.683333 0.192708 0.680556 0.198437 0.677778 0.200521 0.672222 0.203125 0.672222 0.203646 0.669444 0.206250 0.669444 0.206771 0.666667 0.215625 0.666667
2 0.783854 0.837963 0.783854 0.877778 0.792708 0.877778 0.796354 0.886111 0.805208 0.891667 0.808854 0.900000 0.814583 0.902778 0.819792 0.913889 0.836458 0.927778 0.843229 0.938889 0.849479 0.944444 0.853646 0.944444 0.860417 0.955556 0.878646 0.969444 0.886979 0.984259 0.890104 0.999074 0.892188 0.999074 0.894271 0.991667 0.903125 0.991667 0.903125 0.926852 0.897396 0.926852 0.893750 0.921296 0.889583 0.921296 0.887500 0.915741 0.880208 0.912963 0.876563 0.904630 0.869271 0.901852 0.867188 0.896296 0.858333 0.890741 0.854688 0.882407 0.844271 0.876852 0.840625 0.868519 0.834896 0.865741 0.831250 0.857407 0.819271 0.851852 0.817187 0.848148 0.817187 0.837963
2 0.153125 0.726852 0.115104 0.726852 0.115104 0.737037 0.106771 0.746296 0.101042 0.746296 0.088021 0.757407 0.080729 0.757407 0.072396 0.765741 0.061979 0.768519 0.048958 0.782407 0.033333 0.782407 0.023438 0.774074 0.015104 0.774074 0.015104 0.788889 0.034896 0.786111 0.036979 0.789815 0.033333 0.796296 0.024479 0.799074 0.022396 0.807407 0.015104 0.807407 0.015104 0.883333 0.035937 0.883333 0.035937 0.873148 0.045833 0.863889 0.050000 0.863889 0.078646 0.836111 0.103125 0.822222 0.116146 0.805556 0.123438 0.802778 0.128646 0.794444 0.135937 0.791667 0.145833 0.780556 0.153125 0.780556
2 0.015104 0.790741 0.015104 0.855556 0.023438 0.855556 0.034375 0.841667 0.036458 0.825000 0.054688 0.816667 0.059896 0.808333 0.082812 0.805556 0.118229 0.789815 0.111458 0.807407 0.076042 0.832407 0.042708 0.865741 0.015104 0.860185 0.015104 0.938889 0.033854 0.944444 0.054688 0.941667 0.114583 0.880556 0.121354 0.884259 0.113542 0.908333 0.119792 0.913889 0.135937 0.905556 0.137500 0.892593 0.143750 0.883333 0.142187 0.859259 0.147396 0.850000 0.153125 0.850000 0.153125 0.771296 0.044792 0.771296 0.044792 0.781481
2 0.895312 0.237963 0.855729 0.237963 0.855208 0.249074 0.848958 0.249074 0.848437 0.237963 0.836979 0.237963 0.836979 0.259259 0.833333 0.262963 0.813542 0.260185 0.809896 0.271296 0.797917 0.271296 0.791146 0.282407 0.777604 0.282407 0.753646 0.304630 0.738542 0.304630 0.734896 0.315741 0.731250 0.306481 0.737500 0.302778 0.741146 0.288889 0.748437 0.286111 0.748437 0.279630 0.738542 0.279630 0.733333 0.287963 0.719792 0.290741 0.711979 0.301852 0.711979 0.308333 0.726042 0.314815 0.720833 0.329630 0.709375 0.328704 0.707812 0.304630 0.671354 0.315741 0.671354 0.361111 0.689583 0.358333 0.691667 0.372222 0.754687 0.372222 0.754687 0.362037 0.763021 0.352778 0.778125 0.352778 0.797396 0.341667 0.812500 0.341667 0.869271 0.319444 0.892188 0.316667 0.896875 0.308333
2 0.652604 0.447222 0.781771 0.408333 0.903125 0.391667 0.903125 0.360185 0.889583 0.368519 0.882812 0.362037 0.893750 0.330556 0.893750 0.315741 0.855729 0.315741 0.855208 0.326852 0.790104 0.346296 0.684896 0.396296 0.670833 0.396296 0.708333 0.355556 0.767188 0.327778 0.767188 0.315741 0.726042 0.315741 0.723958 0.332407 0.694271 0.354630 0.652604 0.368519 0.652604 0.394444 0.663542 0.400926 0.652604 0.404630
2 0.228125 0.749074 0.204167 0.749074 0.204167 0.762037 0.202083 0.765741 0.199479 0.765741 0.199479 0.770370 0.196354 0.774074 0.196354 0.778704 0.192708 0.785185 0.190104 0.785185 0.189583 0.787963 0.186979 0.787963 0.186458 0.790741 0.180729 0.793519 0.178646 0.799074 0.174479 0.799074 0.173958 0.801852 0.167708 0.801852 0.165625 0.798148 0.165625 0.793519 0.158854 0.793519 0.158854 0.872222 0.173437 0.872222 0.173437 0.862037 0.175521 0.858333 0.178125 0.858333 0.178646 0.855556 0.184375 0.852778 0.186458 0.847222 0.189062 0.847222 0.191146 0.841667 0.193750 0.841667 0.198958 0.830556 0.201563 0.830556 0.203125 0.827778 0.203125 0.823148 0.206250 0.819444 0.206250 0.814815 0.210938 0.808333 0.211458 0.802778 0.214062 0.802778 0.222396 0.786111 0.228125 0.786111
2 0.621354 0.671296 0.621354 0.688889 0.628646 0.688889 0.629167 0.689815 0.629167 0.700926 0.628646 0.701852 0.621354 0.701852 0.621354 0.705556 0.628646 0.705556 0.629167 0.708333 0.630208 0.708333 0.630729 0.711111 0.631771 0.711111 0.632292 0.713889 0.633333 0.713889 0.633854 0.716667 0.635417 0.717593 0.635417 0.719444 0.639583 0.719444 0.640104 0.722222 0.642708 0.722222 0.643229 0.725000 0.644792 0.725926 0.644792 0.738889 0.653125 0.738889 0.653125 0.696296 0.645833 0.696296 0.645312 0.693519 0.644271 0.693519 0.643750 0.690741 0.642188 0.689815 0.642188 0.671296
2 0.246354 0.682407 0.246354 0.744444 0.254688 0.744444 0.255208 0.741667 0.259375 0.741667 0.259896 0.738889 0.262500 0.738889 0.262500 0.737037 0.264062 0.736111 0.264583 0.733333 0.267188 0.733333 0.267708 0.730556 0.270313 0.730556 0.270313 0.728704 0.271875 0.727778 0.271875 0.725926 0.273438 0.725000 0.273438 0.723148 0.275000 0.722222 0.275521 0.719444 0.278125 0.719444 0.278125 0.717593 0.279687 0.716667 0.279687 0.703704 0.281250 0.702778 0.281250 0.682407
2 0.652604 0.443519 0.652604 0.483333 0.695833 0.469444 0.763542 0.475000 0.873958 0.472222 0.880729 0.478704 0.880729 0.492593 0.873958 0.501852 0.868229 0.501852 0.866667 0.516667 0.903125 0.516667 0.903125 0.404630 0.760417 0.404630 0.758333 0.418519 0.745833 0.424074 0.697917 0.432407 0.672396 0.443519
2 0.777604 0.560185 0.777604 0.577778 0.783333 0.577778 0.790104 0.591667 0.809896 0.594444 0.810417 0.597222 0.817708 0.597222 0.818229 0.600000 0.828646 0.602778 0.829167 0.605556 0.842708 0.605556 0.843229 0.608333 0.866146 0.611111 0.866667 0.613889 0.872396 0.613889 0.872917 0.616667 0.883333 0.619444 0.888542 0.625000 0.897396 0.625000 0.897917 0.627778 0.901042 0.628704 0.901042 0.638889 0.904687 0.638889 0.904687 0.623148 0.906250 0.622222 0.904687 0.576852 0.894271 0.576852 0.890625 0.568519 0.884896 0.565741 0.878125 0.554630 0.870833 0.554630 0.867188 0.549074 0.858333 0.549074 0.857812 0.537963 0.786979 0.537963 0.786979 0.548148 0.785417 0.549074 0.783854 0.559259
2 0.121354 0.004630 0.121354 0.030556 0.129688 0.030556 0.130208 0.027778 0.148958 0.027778 0.149479 0.030556 0.161458 0.030556 0.161979 0.033333 0.169271 0.033333 0.169792 0.036111 0.172396 0.036111 0.172917 0.038889 0.175521 0.038889 0.176042 0.041667 0.180208 0.041667 0.182292 0.047222 0.184896 0.047222 0.185417 0.050000 0.188021 0.050000 0.188542 0.052778 0.194271 0.052778 0.194792 0.055556 0.198437 0.055556 0.198958 0.052778 0.208333 0.052778 0.213542 0.062037 0.213542 0.066667 0.215104 0.069444 0.221875 0.069444 0.221875 0.064815 0.223438 0.063889 0.223438 0.053704 0.225000 0.052778 0.225000 0.037963 0.223438 0.037037 0.223438 0.029630 0.220312 0.025926 0.220312 0.021296 0.215625 0.014815 0.215625 0.004630
2 0.127604 0.249074 0.127604 0.302778 0.136458 0.302778 0.136979 0.305556 0.153646 0.305556 0.154167 0.308333 0.159896 0.308333 0.160417 0.311111 0.163021 0.311111 0.163542 0.313889 0.166146 0.313889 0.169792 0.319444 0.173958 0.319444 0.179167 0.327778 0.189583 0.330556 0.194792 0.338889 0.198958 0.338889 0.199479 0.341667 0.206771 0.344444 0.208854 0.348148 0.208854 0.361111 0.228125 0.361111 0.228125 0.324074 0.222396 0.324074 0.221875 0.321296 0.219271 0.321296 0.215625 0.312963 0.209896 0.310185 0.206250 0.301852 0.200521 0.299074 0.196875 0.290741 0.194271 0.290741 0.192188 0.285185 0.189583 0.285185 0.179688 0.268519 0.169271 0.262963 0.167187 0.259259 0.167187 0.249074
2 0.253125 0.649074 0.216667 0.649074 0.216146 0.662963 0.211979 0.662963 0.211458 0.665741 0.207292 0.665741 0.200521 0.674074 0.196354 0.674074 0.192708 0.682407 0.190104 0.682407 0.189583 0.685185 0.186979 0.685185 0.186458 0.687963 0.183854 0.687963 0.183333 0.690741 0.180729 0.690741 0.173958 0.699074 0.168229 0.699074 0.167708 0.701852 0.146354 0.701852 0.146354 0.755556 0.152083 0.755556 0.155729 0.762037 0.155729 0.772222 0.168750 0.772222 0.168750 0.762037 0.170833 0.758333 0.173437 0.758333 0.175521 0.752778 0.181250 0.750000 0.183333 0.744444 0.192188 0.738889 0.195833 0.730556 0.200000 0.730556 0.205208 0.722222 0.212500 0.719444 0.217708 0.708333 0.223438 0.705556 0.227083 0.697222 0.234375 0.694444 0.238021 0.688889 0.253125 0.686111
2 0.220312 0.804630 0.165104 0.804630 0.165104 0.844444 0.173437 0.844444 0.178646 0.833333 0.181250 0.833333 0.183333 0.827778 0.190104 0.828704 0.190104 0.831481 0.188542 0.832407 0.188542 0.839815 0.181771 0.851852 0.179167 0.851852 0.175521 0.857407 0.171354 0.857407 0.170833 0.860185 0.165104 0.860185 0.165104 0.916667 0.173437 0.916667 0.175521 0.911111 0.178125 0.911111 0.183333 0.900000 0.185938 0.900000 0.188021 0.894444 0.190625 0.894444 0.190625 0.889815 0.196875 0.880556 0.196875 0.875926 0.198958 0.872222 0.201563 0.872222 0.207813 0.861111 0.207813 0.856481 0.210938 0.852778 0.212500 0.842593 0.217188 0.836111 0.217188 0.831481 0.218750 0.830556 0.218750 0.823148 0.220312 0.822222
2 0.208854 0.560185 0.208854 0.611111 0.225000 0.611111 0.225521 0.608333 0.231250 0.608333 0.231771 0.605556 0.237500 0.605556 0.238021 0.602778 0.242188 0.602778 0.242708 0.600000 0.250000 0.600000 0.250521 0.597222 0.265625 0.597222 0.266146 0.594444 0.284375 0.594444 0.284375 0.560185
2 0.658854 0.604630 0.658854 0.638889 0.672396 0.641667 0.672917 0.644444 0.681771 0.644444 0.685417 0.650000 0.705208 0.652778 0.705729 0.655556 0.708333 0.655556 0.715104 0.663889 0.719271 0.663889 0.719792 0.666667 0.723958 0.666667 0.724479 0.669444 0.738021 0.672222 0.738542 0.675000 0.747396 0.675000 0.747917 0.677778 0.750521 0.677778 0.754167 0.683333 0.758333 0.683333 0.758854 0.686111 0.761458 0.686111 0.761979 0.688889 0.764583 0.688889 0.771354 0.697222 0.784375 0.694444 0.784375 0.643519 0.778646 0.643519 0.773438 0.635185 0.753646 0.635185 0.753125 0.632407 0.745833 0.632407 0.742188 0.626852 0.738021 0.626852 0.737500 0.624074 0.733333 0.624074 0.732812 0.621296 0.725521 0.618519 0.723437 0.614815 0.723437 0.604630
2 0.227604 0.182407 0.227604 0.194444 0.234896 0.194444 0.235417 0.197222 0.236979 0.198148 0.236979 0.200000 0.239583 0.200000 0.240104 0.202778 0.241146 0.202778 0.241667 0.205556 0.243229 0.206481 0.243229 0.208333 0.245833 0.208333 0.246354 0.211111 0.247917 0.212037 0.247917 0.213889 0.250521 0.213889 0.251042 0.219444 0.253646 0.219444 0.254167 0.222222 0.256771 0.222222 0.257292 0.225000 0.258854 0.225926 0.258854 0.227778 0.261458 0.227778 0.261979 0.230556 0.264583 0.230556 0.265104 0.233333 0.271875 0.233333 0.271875 0.196296 0.266146 0.196296 0.265625 0.193519 0.263021 0.193519 0.262500 0.190741 0.261458 0.190741 0.260937 0.187963 0.259375 0.187037 0.259375 0.185185 0.256771 0.185185 0.256250 0.182407 0.254688 0.181481 0.254688 0.171296 0.253125 0.170370 0.253125 0.160185 0.244792 0.160185 0.244792 0.170370 0.243229 0.171296 0.243229 0.173148 0.241667 0.174074 0.241146 0.176852 0.238542 0.176852 0.238021 0.179630 0.233854 0.179630 0.233333 0.182407
2 0.002604 0.249074 0.002604 0.291667 0.036458 0.297222 0.043229 0.305556 0.047396 0.305556 0.047917 0.308333 0.052083 0.308333 0.052604 0.311111 0.056771 0.311111 0.057292 0.313889 0.061458 0.313889 0.061979 0.316667 0.081771 0.319444 0.082292 0.322222 0.086458 0.322222 0.088542 0.327778 0.115625 0.330556 0.115625 0.249074 0.105729 0.249074 0.105729 0.259259 0.102083 0.265741 0.081771 0.265741 0.081250 0.262963 0.077083 0.262963 0.075000 0.259259 0.075000 0.249074
2 0.658854 0.682407 0.658854 0.713889 0.675521 0.719444 0.688542 0.733333 0.692708 0.733333 0.699479 0.741667 0.703646 0.741667 0.715104 0.752778 0.719271 0.752778 0.741667 0.777778 0.758333 0.786111 0.765104 0.795370 0.765104 0.805556 0.781250 0.805556 0.782813 0.762037 0.790625 0.761111 0.790625 0.704630 0.770833 0.701852 0.764062 0.692593 0.764062 0.682407 0.724479 0.682407 0.724479 0.695370 0.719271 0.701852 0.697396 0.696296 0.695312 0.692593 0.695312 0.682407
2 0.658854 0.715741 0.658854 0.752778 0.667708 0.752778 0.674479 0.763889 0.678646 0.763889 0.683854 0.772222 0.694271 0.777778 0.697917 0.786111 0.706771 0.788889 0.710417 0.797222 0.722396 0.808333 0.727604 0.819444 0.731771 0.819444 0.738542 0.830556 0.742708 0.830556 0.747917 0.838889 0.756771 0.844444 0.758854 0.848148 0.758854 0.861111 0.781250 0.861111 0.781250 0.823148 0.783333 0.819444 0.790625 0.819444 0.790625 0.760185 0.780729 0.760185 0.780729 0.784259 0.778646 0.790741 0.766146 0.790741 0.754687 0.779630 0.747396 0.779630 0.743750 0.774074 0.739583 0.774074 0.737500 0.768519 0.731771 0.765741 0.729688 0.760185 0.717187 0.749074 0.698958 0.740741 0.689063 0.729630 0.684896 0.729630 0.684375 0.715741
2 0.715104 0.615741 0.715104 0.666667 0.723958 0.666667 0.724479 0.669444 0.728646 0.669444 0.729167 0.672222 0.738021 0.672222 0.738542 0.675000 0.745833 0.675000 0.746354 0.677778 0.750521 0.677778 0.751042 0.680556 0.753646 0.680556 0.754167 0.683333 0.758333 0.683333 0.758854 0.686111 0.761458 0.686111 0.761979 0.688889 0.764583 0.688889 0.765104 0.691667 0.767708 0.691667 0.769792 0.697222 0.784375 0.697222 0.784375 0.646296 0.778646 0.646296 0.775000 0.637963 0.772396 0.637963 0.771875 0.635185 0.750521 0.635185 0.750000 0.632407 0.744271 0.632407 0.743750 0.629630 0.741146 0.629630 0.740625 0.626852 0.739062 0.625926 0.739062 0.615741
2 0.227604 0.126852 0.227604 0.161111 0.238021 0.161111 0.238542 0.163889 0.242708 0.163889 0.243229 0.166667 0.245833 0.166667 0.246354 0.169444 0.247396 0.169444 0.247917 0.172222 0.248958 0.172222 0.249479 0.175000 0.251042 0.175926 0.251042 0.177778 0.253646 0.177778 0.254167 0.180556 0.255729 0.181481 0.255729 0.183333 0.260937 0.183333 0.260937 0.181481 0.262500 0.180556 0.262500 0.175926 0.264062 0.175000 0.264062 0.168519 0.262500 0.167593 0.262500 0.162963 0.260937 0.162037 0.260937 0.154630 0.259375 0.153704 0.259375 0.149074 0.258333 0.149074 0.257812 0.146296 0.256250 0.145370 0.256250 0.140741 0.254688 0.139815 0.254688 0.126852
2 0.621354 0.662963 0.621354 0.680556 0.628646 0.680556 0.629167 0.683333 0.631771 0.683333 0.632292 0.686111 0.634896 0.686111 0.635417 0.688889 0.638021 0.688889 0.638542 0.691667 0.641146 0.691667 0.641667 0.694444 0.643229 0.695370 0.643229 0.700000 0.644792 0.700926 0.644792 0.716667 0.653125 0.716667 0.653125 0.649074 0.632292 0.649074 0.632292 0.659259 0.630729 0.660185 0.630208 0.662963
2 0.133854 0.360185 0.133854 0.425000 0.142187 0.425000 0.142708 0.422222 0.145313 0.422222 0.148958 0.416667 0.167708 0.416667 0.168229 0.419444 0.177083 0.419444 0.177604 0.422222 0.194271 0.422222 0.194792 0.425000 0.200521 0.425000 0.201042 0.427778 0.206771 0.427778 0.207292 0.430556 0.228125 0.430556 0.228125 0.360185 0.211979 0.360185 0.211979 0.372222 0.216667 0.381481 0.214583 0.387963 0.203646 0.385185 0.201563 0.381481 0.201563 0.374074 0.200000 0.371296 0.186458 0.371296 0.185938 0.360185
2 0.140104 0.650000 0.159375 0.650000 0.159375 0.639815 0.164062 0.638889 0.164583 0.636111 0.170313 0.636111 0.170833 0.633333 0.175000 0.633333 0.175521 0.630556 0.182812 0.630556 0.183333 0.627778 0.189062 0.627778 0.189583 0.625000 0.193750 0.625000 0.194271 0.622222 0.198437 0.622222 0.198958 0.619444 0.204687 0.619444 0.205208 0.616667 0.207813 0.616667 0.209896 0.611111 0.225000 0.611111 0.225521 0.608333 0.234375 0.608333 0.234375 0.571296 0.140104 0.571296
2 0.268750 0.726852 0.229167 0.726852 0.229167 0.739815 0.227604 0.740741 0.227083 0.743519 0.215104 0.743519 0.215104 0.788889 0.220833 0.788889 0.221354 0.791667 0.222396 0.791667 0.222917 0.794444 0.226042 0.798148 0.226042 0.805556 0.227604 0.806481 0.227604 0.811111 0.234375 0.811111 0.236458 0.805556 0.239063 0.805556 0.239063 0.803704 0.240625 0.802778 0.240625 0.798148 0.243750 0.794444 0.243750 0.789815 0.245312 0.788889 0.245833 0.786111 0.251563 0.786111 0.252083 0.783333 0.254688 0.783333 0.256771 0.777778 0.260937 0.777778 0.261458 0.775000 0.264062 0.775000 0.264583 0.772222 0.267188 0.772222 0.267188 0.767593 0.270313 0.763889 0.270313 0.756481 0.271875 0.755556 0.271875 0.746296 0.270313 0.745370 0.270313 0.740741 0.268750 0.739815
2 0.727604 0.471296 0.727604 0.525000 0.750521 0.527778 0.749479 0.550000 0.754687 0.550000 0.754687 0.537037 0.759896 0.533333 0.760417 0.536111 0.784896 0.533333 0.785417 0.536111 0.834896 0.538889 0.835417 0.550000 0.868750 0.550000 0.869271 0.538889 0.895312 0.533333 0.900000 0.527778 0.901563 0.519444 0.900000 0.471296
2 0.621354 0.549074 0.621354 0.583333 0.627083 0.583333 0.627604 0.586111 0.636458 0.586111 0.636979 0.588889 0.641146 0.588889 0.641667 0.591667 0.644271 0.591667 0.644792 0.592593 0.644792 0.605556 0.659375 0.605556 0.659375 0.549074
2 0.146354 0.549074 0.146354 0.638889 0.189062 0.638889 0.189583 0.627778 0.207813 0.619444 0.209896 0.613889 0.221875 0.613889 0.222396 0.611111 0.228125 0.611111 0.228646 0.608333 0.234375 0.608333 0.234896 0.605556 0.240625 0.605556 0.241146 0.602778 0.248438 0.602778 0.248958 0.600000 0.284375 0.594444 0.284375 0.549074
2 0.133854 0.526852 0.133854 0.591667 0.163021 0.594444 0.163542 0.605556 0.259375 0.605556 0.259375 0.574074 0.221354 0.574074 0.210417 0.585185 0.209896 0.590741 0.193750 0.585185 0.171875 0.587037 0.172396 0.583333 0.196875 0.580556 0.203646 0.572222 0.226562 0.572222 0.247396 0.561111 0.259375 0.563889 0.259375 0.526852
2 0.777604 0.715741 0.777604 0.752778 0.788021 0.752778 0.791667 0.761111 0.798958 0.763889 0.804167 0.772222 0.811458 0.775000 0.821354 0.786111 0.825521 0.786111 0.826042 0.788889 0.831771 0.791667 0.833854 0.797222 0.841146 0.800000 0.843229 0.805556 0.855208 0.808333 0.865104 0.819444 0.869271 0.819444 0.879167 0.830556 0.883333 0.830556 0.890104 0.839815 0.890104 0.850000 0.903125 0.850000 0.903125 0.776852 0.897396 0.776852 0.895312 0.771296 0.889583 0.771296 0.889062 0.768519 0.880208 0.768519 0.879687 0.765741 0.867708 0.762963 0.848437 0.743519 0.833333 0.740741 0.826562 0.732407 0.816146 0.729630 0.814063 0.725926 0.814063 0.715741
2 0.709375 0.260185 0.674479 0.260185 0.674479 0.270370 0.672917 0.271296 0.672396 0.274074 0.669792 0.274074 0.669271 0.276852 0.663542 0.276852 0.663021 0.279630 0.660417 0.279630 0.658333 0.285185 0.652604 0.285185 0.652604 0.338889 0.659375 0.338889 0.659375 0.325926 0.662500 0.325000 0.663021 0.322222 0.665625 0.322222 0.666146 0.319444 0.673438 0.319444 0.673958 0.316667 0.678125 0.316667 0.680208 0.311111 0.682813 0.311111 0.683333 0.308333 0.690625 0.308333 0.691146 0.305556 0.696875 0.305556 0.697396 0.302778 0.700000 0.302778 0.700521 0.300000 0.703125 0.300000 0.703646 0.297222 0.709375 0.297222
2 0.652604 0.737963 0.652604 0.780556 0.658333 0.780556 0.658854 0.783333 0.661458 0.783333 0.661979 0.786111 0.664583 0.786111 0.665104 0.788889 0.667708 0.788889 0.668229 0.791667 0.671354 0.795370 0.671354 0.797222 0.673958 0.797222 0.674479 0.800000 0.677083 0.800000 0.677604 0.802778 0.680729 0.806481 0.680729 0.808333 0.684896 0.808333 0.685417 0.811111 0.688021 0.811111 0.688542 0.813889 0.691146 0.813889 0.693229 0.819444 0.695833 0.819444 0.696354 0.822222 0.700521 0.822222 0.702604 0.827778 0.709375 0.827778 0.709375 0.793519 0.703646 0.793519 0.703125 0.790741 0.700521 0.790741 0.700000 0.787963 0.697396 0.787963 0.695312 0.782407 0.692708 0.782407 0.692187 0.779630 0.689583 0.779630 0.689063 0.776852 0.686458 0.776852 0.684375 0.771296 0.681771 0.771296 0.681250 0.768519 0.678646 0.768519 0.678125 0.765741 0.675521 0.765741 0.675000 0.762963 0.672396 0.762963 0.671875 0.760185 0.670833 0.760185 0.670312 0.757407 0.667188 0.753704 0.667188 0.751852 0.664062 0.750926 0.664062 0.737963
2 0.896875 0.160185 0.860417 0.160185 0.858333 0.174074 0.838542 0.182407 0.836458 0.187963 0.827604 0.190741 0.820833 0.199074 0.782292 0.221296 0.775521 0.232407 0.760417 0.243519 0.748958 0.265741 0.727604 0.279630 0.722396 0.287963 0.709896 0.293519 0.696354 0.290741 0.696354 0.316667 0.753125 0.316667 0.753646 0.302778 0.772396 0.288889 0.793750 0.283333 0.817708 0.263889 0.846875 0.255556 0.870833 0.238889 0.896875 0.233333
