2 0.215104 0.604630 0.215104 0.647222 0.237500 0.647222 0.238021 0.644444 0.251563 0.644444 0.252083 0.641667 0.276562 0.641667 0.277083 0.638889 0.285938 0.638889 0.286458 0.636111 0.295312 0.636111 0.295833 0.633333 0.303125 0.633333 0.303646 0.630556 0.310937 0.630556 0.311458 0.627778 0.315625 0.627778 0.315625 0.624074 0.314063 0.623148 0.314063 0.604630
2 0.221354 0.737963 0.221354 0.777778 0.246875 0.777778 0.247396 0.775000 0.261458 0.775000 0.261979 0.777778 0.271875 0.777778 0.272396 0.775000 0.279687 0.775000 0.281771 0.769444 0.284375 0.769444 0.284896 0.766667 0.292187 0.766667 0.292708 0.763889 0.328125 0.763889 0.328125 0.737963
2 0.002604 0.738889 0.012500 0.738889 0.013021 0.736111 0.017188 0.736111 0.017708 0.733333 0.026562 0.733333 0.027083 0.730556 0.067187 0.730556 0.067708 0.727778 0.071875 0.727778 0.072396 0.725000 0.076563 0.725000 0.077083 0.722222 0.084375 0.722222 0.084375 0.720370 0.087500 0.716667 0.087500 0.712037 0.089063 0.711111 0.089063 0.699074 0.087500 0.698148 0.087500 0.682407 0.058854 0.682407 0.058333 0.693519 0.048958 0.693519 0.048438 0.682407 0.038542 0.682407 0.038542 0.692593 0.035417 0.693519 0.034896 0.696296 0.024479 0.696296 0.023958 0.699074 0.016667 0.699074 0.016146 0.701852 0.002604 0.701852
2 0.002604 0.582407 0.002604 0.636111 0.015625 0.636111 0.016146 0.633333 0.026562 0.633333 0.027083 0.630556 0.051562 0.630556 0.052083 0.627778 0.064062 0.627778 0.064583 0.625000 0.070312 0.625000 0.070833 0.622222 0.090625 0.622222 0.090625 0.582407
2 0.090104 0.749074 0.090104 0.788889 0.110937 0.788889 0.111458 0.786111 0.130208 0.786111 0.130729 0.788889 0.167187 0.788889 0.167708 0.786111 0.173958 0.786111 0.174479 0.788889 0.179688 0.788889 0.180208 0.786111 0.192188 0.786111 0.195312 0.780556 0.195312 0.775926 0.197396 0.772222 0.203125 0.772222 0.203125 0.768519 0.196875 0.767593 0.196875 0.749074
2 0.208854 0.560185 0.208854 0.627778 0.215625 0.627778 0.215625 0.617593 0.218750 0.616667 0.219271 0.613889 0.239583 0.613889 0.240104 0.616667 0.250000 0.616667 0.250521 0.613889 0.271875 0.611111 0.272396 0.608333 0.290625 0.608333 0.291146 0.605556 0.298438 0.605556 0.298958 0.602778 0.309375 0.600000 0.309896 0.597222 0.328125 0.597222 0.328125 0.587963 0.320833 0.587963 0.320312 0.585185 0.317708 0.585185 0.317188 0.582407 0.314583 0.582407 0.314063 0.579630 0.305208 0.574074 0.303125 0.570370 0.303125 0.560185
2 0.093229 0.719444 0.094792 0.720370 0.094792 0.730556 0.104688 0.730556 0.105208 0.727778 0.109375 0.727778 0.109896 0.725000 0.117188 0.725000 0.117708 0.722222 0.145313 0.722222 0.145833 0.719444 0.168750 0.719444 0.169271 0.716667 0.176563 0.716667 0.177083 0.713889 0.182812 0.713889 0.183333 0.711111 0.189062 0.711111 0.189583 0.708333 0.196875 0.708333 0.196875 0.682407 0.126042 0.682407 0.125521 0.693519 0.119792 0.693519 0.119271 0.696296 0.115104 0.696296 0.114583 0.699074 0.105208 0.699074 0.104688 0.682407 0.094792 0.682407 0.094792 0.702778 0.096354 0.703704 0.096354 0.706481 0.094792 0.707407 0.094792 0.714815 0.093229 0.715741
2 0.090625 0.615741 0.044792 0.615741 0.044271 0.626852 0.033854 0.626852 0.033333 0.629630 0.018229 0.629630 0.017708 0.632407 0.002604 0.632407 0.002604 0.669444 0.010937 0.669444 0.011458 0.666667 0.043750 0.666667 0.044271 0.663889 0.065625 0.663889 0.066146 0.661111 0.070312 0.661111 0.070833 0.658333 0.084375 0.658333 0.084896 0.655556 0.090625 0.655556
2 0.215104 0.626852 0.215104 0.680556 0.226562 0.680556 0.227083 0.677778 0.254688 0.677778 0.255208 0.675000 0.276562 0.675000 0.277083 0.672222 0.290625 0.672222 0.291146 0.669444 0.296875 0.669444 0.297396 0.666667 0.306250 0.666667 0.306771 0.663889 0.323437 0.663889 0.323437 0.649074 0.317188 0.639815 0.317188 0.626852 0.272917 0.626852 0.272396 0.637963 0.260417 0.637963 0.259896 0.640741 0.243229 0.640741 0.242708 0.643519 0.235417 0.643519 0.234896 0.646296 0.225000 0.645370 0.225000 0.626852
2 0.090104 0.683333 0.096354 0.694444 0.098437 0.694444 0.098958 0.691667 0.106250 0.691667 0.106771 0.688889 0.126562 0.688889 0.127083 0.686111 0.131771 0.686111 0.132292 0.688889 0.176563 0.686111 0.177083 0.683333 0.182812 0.683333 0.183333 0.680556 0.187500 0.680556 0.189583 0.675000 0.196875 0.675000 0.196875 0.668519 0.189583 0.668519 0.184375 0.659259 0.184375 0.649074 0.130729 0.649074 0.130729 0.659259 0.128646 0.662963 0.116667 0.662963 0.116146 0.665741 0.111458 0.665741 0.110937 0.662963 0.102083 0.662963 0.100000 0.659259 0.100000 0.649074 0.094792 0.649074 0.094792 0.664815 0.093229 0.665741 0.093229 0.673148 0.091667 0.674074
2 0.000000 0.660185 0.000000 0.702778 0.007812 0.702778 0.008333 0.700000 0.031250 0.700000 0.031771 0.697222 0.060937 0.697222 0.061458 0.694444 0.068750 0.694444 0.069271 0.691667 0.075000 0.691667 0.075521 0.688889 0.087500 0.688889 0.087500 0.687037 0.089063 0.686111 0.089063 0.660185
2 0.083854 0.652778 0.091146 0.652778 0.091667 0.655556 0.094271 0.655556 0.094792 0.658333 0.100000 0.658333 0.100521 0.655556 0.115625 0.655556 0.116146 0.652778 0.170313 0.652778 0.170833 0.650000 0.178125 0.650000 0.178646 0.647222 0.181250 0.647222 0.183333 0.641667 0.185938 0.641667 0.187500 0.638889 0.187500 0.635185 0.185938 0.634259 0.185938 0.629630 0.184375 0.628704 0.184375 0.615741 0.107292 0.615741 0.106771 0.626852 0.096354 0.626852 0.093229 0.632407 0.093229 0.637037 0.091667 0.637963 0.091667 0.642593 0.089583 0.646296 0.083854 0.646296
2 0.090104 0.715741 0.090104 0.755556 0.098958 0.755556 0.099479 0.758333 0.104688 0.758333 0.105208 0.755556 0.118750 0.755556 0.119271 0.752778 0.175000 0.752778 0.175521 0.750000 0.182812 0.750000 0.183333 0.747222 0.196875 0.747222 0.196875 0.715741
2 0.215104 0.713889 0.232813 0.713889 0.233333 0.711111 0.243750 0.711111 0.244271 0.708333 0.275000 0.708333 0.275521 0.705556 0.284375 0.705556 0.284896 0.702778 0.293750 0.702778 0.294271 0.700000 0.304688 0.700000 0.305208 0.697222 0.312500 0.697222 0.313021 0.694444 0.317188 0.694444 0.317188 0.689815 0.318750 0.688889 0.318750 0.671296 0.243229 0.671296 0.242708 0.682407 0.234896 0.682407 0.234375 0.671296 0.215104 0.671296
2 0.002604 0.726852 0.002604 0.769444 0.017188 0.769444 0.017708 0.766667 0.039062 0.766667 0.039583 0.763889 0.068750 0.763889 0.069271 0.761111 0.078125 0.761111 0.078646 0.758333 0.084375 0.758333 0.084896 0.755556 0.087500 0.755556 0.087500 0.753704 0.089063 0.752778 0.089063 0.726852
2 0.215104 0.693519 0.215104 0.747222 0.257812 0.744444 0.258333 0.741667 0.292187 0.741667 0.292708 0.738889 0.301563 0.738889 0.302083 0.736111 0.309375 0.736111 0.309896 0.733333 0.318750 0.733333 0.319271 0.730556 0.321875 0.730556 0.325000 0.725000 0.325000 0.712963 0.321875 0.706481 0.321875 0.693519 0.230729 0.693519 0.230208 0.704630 0.228125 0.703704 0.228125 0.693519
2 0.077604 0.015741 0.077604 0.055556 0.089063 0.055556 0.089583 0.052778 0.091146 0.052778 0.091667 0.055556 0.108333 0.055556 0.108854 0.058333 0.120833 0.058333 0.121354 0.061111 0.167708 0.061111 0.168229 0.063889 0.184375 0.063889 0.184375 0.032407 0.178125 0.031481 0.178125 0.015741
2 0.096875 0.526852 0.088542 0.526852 0.088021 0.529630 0.083854 0.529630 0.083333 0.532407 0.082812 0.529630 0.072917 0.529630 0.072396 0.532407 0.070833 0.532407 0.070312 0.529630 0.015104 0.529630 0.014583 0.532407 0.002604 0.535185 0.002604 0.583333 0.096875 0.583333
2 0.015104 0.760185 0.015104 0.800000 0.050000 0.800000 0.050521 0.797222 0.061458 0.797222 0.061979 0.800000 0.071875 0.800000 0.072396 0.797222 0.079687 0.797222 0.080208 0.794444 0.084375 0.794444 0.084896 0.791667 0.087500 0.791667 0.087500 0.789815 0.089063 0.788889 0.089063 0.784259 0.090625 0.783333 0.090625 0.760185
2 0.000000 0.204630 0.000000 0.244444 0.009375 0.244444 0.009896 0.241667 0.061458 0.241667 0.061979 0.244444 0.066146 0.244444 0.069792 0.252778 0.073438 0.252778 0.073438 0.242593 0.075000 0.241667 0.075000 0.237037 0.076563 0.236111 0.078646 0.230556 0.084375 0.230556 0.084375 0.204630
2 0.000000 0.313889 0.007812 0.313889 0.008333 0.311111 0.018750 0.311111 0.019271 0.308333 0.046875 0.308333 0.047396 0.305556 0.059375 0.305556 0.059896 0.302778 0.073438 0.302778 0.073958 0.300000 0.076563 0.300000 0.076563 0.298148 0.078125 0.297222 0.078646 0.291667 0.084375 0.291667 0.084375 0.271296 0.000000 0.271296
2 0.077604 0.549074 0.077604 0.591667 0.089583 0.591667 0.091667 0.595370 0.091667 0.605556 0.159375 0.605556 0.159896 0.594444 0.164062 0.594444 0.164583 0.591667 0.173437 0.591667 0.173958 0.588889 0.181250 0.588889 0.181771 0.586111 0.185938 0.586111 0.187500 0.583333 0.188021 0.575000 0.196875 0.575000 0.196875 0.565741 0.190104 0.565741 0.186458 0.574074 0.183333 0.574074 0.182812 0.568519 0.180208 0.568519 0.179688 0.565741 0.172396 0.565741 0.171875 0.562963 0.161458 0.560185 0.160938 0.549074
2 0.077604 0.060185 0.077604 0.094444 0.087500 0.094444 0.088021 0.091667 0.166146 0.094444 0.166667 0.097222 0.173958 0.100000 0.173958 0.107407 0.166667 0.110185 0.166146 0.112963 0.160417 0.112963 0.159896 0.115741 0.122917 0.115741 0.122917 0.127778 0.184375 0.127778 0.184375 0.060185
2 0.208854 0.605556 0.312500 0.605556 0.312500 0.593519 0.310937 0.590741 0.306771 0.590741 0.304688 0.585185 0.295833 0.582407 0.295312 0.576852 0.289062 0.573148 0.291146 0.569444 0.301563 0.569444 0.302083 0.566667 0.317188 0.563889 0.318750 0.561111 0.318750 0.554630 0.317188 0.553704 0.317188 0.537963 0.208854 0.537963
2 0.077604 0.619444 0.089063 0.619444 0.089583 0.616667 0.091667 0.622222 0.094271 0.622222 0.094792 0.625000 0.114062 0.625000 0.114583 0.622222 0.146875 0.622222 0.147396 0.619444 0.167187 0.619444 0.167708 0.616667 0.176563 0.616667 0.177083 0.613889 0.181250 0.613889 0.183333 0.608333 0.185938 0.608333 0.185938 0.601852 0.183333 0.601852 0.182812 0.596296 0.179688 0.592593 0.179688 0.582407 0.091667 0.582407 0.091667 0.606481 0.089583 0.610185 0.085417 0.610185 0.084896 0.612963 0.077604 0.612963
2 0.077604 0.333333 0.086458 0.333333 0.086979 0.336111 0.129688 0.336111 0.130208 0.333333 0.156250 0.333333 0.156771 0.330556 0.171875 0.330556 0.172396 0.327778 0.178125 0.327778 0.178646 0.325000 0.185938 0.325000 0.189062 0.319444 0.189062 0.312037 0.190625 0.311111 0.190625 0.293519 0.077604 0.293519
2 0.077604 0.260185 0.077604 0.297222 0.083333 0.297222 0.083854 0.300000 0.120313 0.300000 0.120833 0.297222 0.140625 0.297222 0.141146 0.294444 0.168750 0.294444 0.169271 0.291667 0.187500 0.291667 0.189062 0.288889 0.189062 0.284259 0.190625 0.283333 0.190625 0.279630 0.189062 0.278704 0.189062 0.260185
2 0.000000 0.104630 0.000000 0.141667 0.026562 0.141667 0.027083 0.138889 0.039062 0.138889 0.039583 0.136111 0.045312 0.136111 0.045833 0.133333 0.067708 0.133333 0.068229 0.136111 0.073438 0.136111 0.073958 0.133333 0.076563 0.133333 0.077083 0.130556 0.084375 0.130556 0.084375 0.104630
2 0.002604 0.137963 0.002604 0.180556 0.014063 0.180556 0.014583 0.177778 0.045312 0.177778 0.045833 0.175000 0.053646 0.175000 0.054167 0.177778 0.059896 0.177778 0.060417 0.180556 0.065104 0.187037 0.065104 0.191667 0.066146 0.191667 0.068229 0.197222 0.076563 0.197222 0.077083 0.194444 0.084375 0.194444 0.084375 0.137963
2 0.077604 0.082407 0.077604 0.130556 0.167708 0.130556 0.168229 0.133333 0.184375 0.133333 0.184375 0.082407
2 0.000000 0.237963 0.000000 0.277778 0.012500 0.277778 0.013021 0.275000 0.035937 0.275000 0.036458 0.272222 0.048438 0.272222 0.048958 0.269444 0.067708 0.269444 0.068229 0.272222 0.073438 0.272222 0.073958 0.269444 0.076563 0.269444 0.077083 0.266667 0.084375 0.266667 0.084375 0.237963
2 0.000000 0.649074 0.000000 0.702778 0.003125 0.702778 0.003646 0.700000 0.023438 0.700000 0.023958 0.697222 0.056250 0.697222 0.056771 0.694444 0.065625 0.694444 0.066146 0.691667 0.070312 0.691667 0.070833 0.688889 0.076563 0.688889 0.077083 0.686111 0.087500 0.686111 0.087500 0.684259 0.089063 0.683333 0.089063 0.674074 0.087500 0.673148 0.087500 0.665741 0.086458 0.665741 0.084375 0.660185 0.081250 0.659259 0.081250 0.649074
2 0.000000 0.171296 0.000000 0.211111 0.004687 0.211111 0.005208 0.208333 0.018750 0.208333 0.019271 0.205556 0.040625 0.205556 0.041146 0.202778 0.067708 0.202778 0.068229 0.205556 0.073438 0.205556 0.073958 0.202778 0.076563 0.202778 0.078646 0.197222 0.084375 0.197222 0.084375 0.171296
2 0.002604 0.071296 0.002604 0.111111 0.015625 0.111111 0.016146 0.108333 0.067708 0.108333 0.069792 0.113889 0.078125 0.113889 0.078125 0.071296
2 0.000000 0.304630 0.000000 0.341667 0.054688 0.341667 0.055208 0.338889 0.070312 0.338889 0.070833 0.336111 0.081250 0.336111 0.081771 0.333333 0.090625 0.333333 0.090625 0.304630
2 0.208854 0.493519 0.208854 0.561111 0.317188 0.561111 0.317188 0.549074 0.315625 0.548148 0.315625 0.543519 0.312500 0.537963 0.309896 0.537963 0.309375 0.535185 0.303646 0.535185 0.303125 0.532407 0.297396 0.529630 0.292187 0.520370 0.292187 0.515741 0.286458 0.515741 0.285938 0.512963 0.280208 0.512963 0.279687 0.510185 0.256771 0.510185 0.256250 0.507407 0.248958 0.507407 0.248438 0.504630 0.245312 0.503704 0.245312 0.493519
2 0.664062 0.049074 0.638542 0.049074 0.638542 0.067593 0.636979 0.068519 0.636979 0.073148 0.635417 0.074074 0.635417 0.078704 0.632292 0.082407 0.632292 0.087037 0.629167 0.090741 0.629167 0.095370 0.627604 0.096296 0.622396 0.107407 0.615104 0.107407 0.615104 0.155556 0.621875 0.155556 0.621875 0.153704 0.625000 0.150000 0.625000 0.145370 0.628125 0.144444 0.628125 0.142593 0.631250 0.138889 0.631250 0.134259 0.634375 0.130556 0.634375 0.125926 0.635938 0.125000 0.635938 0.120370 0.637500 0.119444 0.637500 0.117593 0.639062 0.116667 0.639062 0.114815 0.640625 0.113889 0.645833 0.102778 0.648438 0.102778 0.648958 0.100000 0.656250 0.100000 0.656771 0.097222 0.660937 0.097222 0.660937 0.095370 0.664062 0.091667 0.664062 0.087037 0.665625 0.086111 0.666146 0.083333 0.671875 0.083333 0.671875 0.068519 0.666146 0.068519 0.665625 0.065741 0.664062 0.064815
2 0.077604 0.226852 0.077604 0.269444 0.093750 0.269444 0.094271 0.266667 0.137500 0.266667 0.138021 0.263889 0.154688 0.263889 0.155208 0.261111 0.167187 0.261111 0.167708 0.258333 0.181771 0.258333 0.182292 0.261111 0.190625 0.261111 0.190625 0.226852
2 0.077604 0.249074 0.077604 0.297222 0.088021 0.297222 0.088542 0.300000 0.115625 0.300000 0.116146 0.297222 0.134375 0.297222 0.134896 0.294444 0.150000 0.294444 0.150521 0.291667 0.190625 0.291667 0.190625 0.249074
2 0.083854 0.660185 0.083854 0.686111 0.091146 0.686111 0.091667 0.691667 0.096354 0.700000 0.102083 0.694444 0.107813 0.694444 0.108333 0.691667 0.130208 0.691667 0.133854 0.695370 0.128646 0.704630 0.119792 0.704630 0.114583 0.710185 0.096354 0.712963 0.094792 0.715741 0.094792 0.738889 0.106250 0.738889 0.106250 0.728704 0.109896 0.722222 0.165625 0.719444 0.166146 0.716667 0.175000 0.716667 0.175521 0.713889 0.185938 0.711111 0.186458 0.708333 0.196875 0.708333 0.196875 0.685185 0.190625 0.684259 0.196875 0.683333 0.196875 0.660185
2 0.000000 0.004630 0.000000 0.038889 0.009375 0.038889 0.009896 0.036111 0.059375 0.036111 0.059896 0.033333 0.065625 0.033333 0.066146 0.030556 0.070312 0.030556 0.070833 0.027778 0.078125 0.027778 0.078125 0.004630
