2 0.196354 0.782407 0.196354 0.838889 0.293750 0.838889 0.293750 0.828704 0.298438 0.827778 0.298958 0.825000 0.318750 0.825000 0.319271 0.822222 0.328125 0.822222 0.328125 0.782407 0.218229 0.782407 0.217708 0.793519 0.206771 0.793519 0.206250 0.782407
2 0.346354 0.727778 0.414062 0.727778 0.414062 0.715741 0.410938 0.712963 0.394271 0.712963 0.393750 0.710185 0.381771 0.710185 0.375521 0.705556 0.393750 0.702778 0.394271 0.700000 0.445312 0.697222 0.445833 0.694444 0.454688 0.694444 0.455208 0.691667 0.467187 0.691667 0.470313 0.686111 0.470313 0.675926 0.471875 0.675000 0.470313 0.670370 0.470313 0.649074 0.438542 0.649074 0.438021 0.660185 0.422396 0.660185 0.421875 0.649074 0.346354 0.649074
2 0.602604 0.660185 0.602604 0.713889 0.667188 0.711111 0.667708 0.708333 0.675000 0.708333 0.675521 0.705556 0.682813 0.705556 0.683333 0.702778 0.728125 0.702778 0.728125 0.660185
2 0.477604 0.682407 0.477604 0.722222 0.491146 0.722222 0.491667 0.725000 0.498437 0.725000 0.498958 0.722222 0.525000 0.722222 0.525521 0.719444 0.559375 0.719444 0.559896 0.716667 0.570312 0.716667 0.570833 0.713889 0.584375 0.713889 0.584896 0.711111 0.603125 0.708333 0.603125 0.682407
2 0.065104 0.810185 0.065104 0.844444 0.072396 0.844444 0.074479 0.848148 0.074479 0.861111 0.092188 0.861111 0.092188 0.850926 0.095312 0.850000 0.095833 0.847222 0.114062 0.847222 0.114583 0.844444 0.123958 0.844444 0.124479 0.847222 0.142187 0.847222 0.142708 0.844444 0.185938 0.844444 0.186458 0.841667 0.195312 0.838889 0.197396 0.833333 0.203125 0.833333 0.203125 0.793519 0.124479 0.793519 0.123958 0.804630 0.115104 0.804630 0.114583 0.807407 0.072917 0.807407 0.072396 0.810185
2 0.071354 0.682407 0.071354 0.741667 0.081250 0.741667 0.081771 0.738889 0.090625 0.738889 0.091146 0.736111 0.103125 0.736111 0.103646 0.733333 0.145313 0.733333 0.145833 0.730556 0.165625 0.727778 0.166146 0.725000 0.187500 0.725000 0.188021 0.722222 0.203125 0.719444 0.203125 0.707407 0.196875 0.706481 0.195312 0.682407
2 0.190104 0.437963 0.190104 0.486111 0.197396 0.486111 0.197917 0.488889 0.242188 0.488889 0.242708 0.486111 0.250000 0.486111 0.250521 0.483333 0.289062 0.483333 0.289583 0.480556 0.301563 0.477778 0.302083 0.475000 0.304688 0.475000 0.306250 0.472222 0.304688 0.462963 0.301563 0.457407 0.297396 0.457407 0.292187 0.448148 0.292187 0.437963
2 0.577604 0.052778 0.634375 0.050000 0.634896 0.047222 0.645312 0.047222 0.645833 0.044444 0.651563 0.044444 0.652083 0.041667 0.657813 0.041667 0.658333 0.038889 0.665625 0.038889 0.666146 0.036111 0.670312 0.036111 0.670833 0.033333 0.675521 0.033333 0.676042 0.036111 0.678125 0.036111 0.678646 0.033333 0.681250 0.033333 0.684896 0.027778 0.692187 0.027778 0.692708 0.019444 0.703125 0.016667 0.703125 0.004630 0.577604 0.004630
2 0.346354 0.552778 0.373437 0.550000 0.373958 0.547222 0.423438 0.547222 0.423958 0.544444 0.446875 0.544444 0.447396 0.541667 0.460938 0.541667 0.464062 0.536111 0.464062 0.531481 0.465625 0.530556 0.465625 0.504630 0.391667 0.504630 0.391667 0.517593 0.388542 0.518519 0.388021 0.521296 0.383854 0.521296 0.381771 0.526852 0.379167 0.526852 0.378646 0.529630 0.366667 0.529630 0.366146 0.532407 0.364583 0.532407 0.364063 0.529630 0.346354 0.529630
2 0.477604 0.805556 0.532813 0.805556 0.533333 0.794444 0.550000 0.791667 0.550521 0.788889 0.557813 0.788889 0.558333 0.786111 0.592708 0.786111 0.593229 0.788889 0.596875 0.788889 0.597396 0.786111 0.601562 0.786111 0.602083 0.783333 0.609375 0.783333 0.609375 0.749074 0.521354 0.749074 0.521354 0.759259 0.518229 0.760185 0.517708 0.762963 0.505729 0.762963 0.505208 0.765741 0.477604 0.762963
2 0.190104 0.593519 0.190104 0.641667 0.208333 0.641667 0.208854 0.644444 0.210938 0.644444 0.211458 0.641667 0.219271 0.641667 0.219792 0.644444 0.234375 0.644444 0.234896 0.641667 0.253125 0.641667 0.253646 0.638889 0.275000 0.638889 0.275521 0.636111 0.282813 0.636111 0.283333 0.633333 0.289062 0.633333 0.289583 0.630556 0.293750 0.630556 0.295312 0.627778 0.295312 0.624074 0.292187 0.623148 0.292187 0.618519 0.289062 0.614815 0.289062 0.610185 0.287500 0.609259 0.287500 0.593519
2 0.590104 0.293519 0.590104 0.333333 0.617188 0.333333 0.617708 0.330556 0.629687 0.330556 0.630208 0.327778 0.646875 0.327778 0.647396 0.325000 0.660937 0.325000 0.661458 0.322222 0.670312 0.322222 0.670833 0.319444 0.679688 0.319444 0.679688 0.317593 0.681250 0.316667 0.681250 0.310185 0.679688 0.309259 0.679688 0.303704 0.681250 0.302778 0.681250 0.298148 0.682813 0.297222 0.682813 0.282407 0.596354 0.282407 0.596354 0.292593
2 0.477604 0.571296 0.477604 0.613889 0.520312 0.613889 0.520833 0.611111 0.542188 0.611111 0.542708 0.608333 0.570312 0.605556 0.570833 0.602778 0.579688 0.602778 0.580208 0.600000 0.585938 0.600000 0.586458 0.597222 0.603125 0.600000 0.603125 0.582407 0.594792 0.582407 0.591146 0.587963 0.590625 0.582407 0.589063 0.581481 0.589063 0.571296
2 0.078125 0.804630 0.043229 0.804630 0.043229 0.814815 0.040104 0.815741 0.039583 0.818519 0.021354 0.818519 0.020833 0.821296 0.005208 0.821296 0.004687 0.818519 0.000000 0.818519 0.000000 0.855556 0.014063 0.855556 0.014583 0.852778 0.064062 0.852778 0.064583 0.850000 0.068750 0.850000 0.072396 0.841667 0.078125 0.841667
2 0.002604 0.737963 0.002604 0.786111 0.009375 0.786111 0.009896 0.783333 0.015625 0.783333 0.016146 0.780556 0.020313 0.780556 0.020833 0.777778 0.033333 0.777778 0.033854 0.780556 0.053125 0.780556 0.053646 0.777778 0.065625 0.777778 0.066146 0.775000 0.068750 0.775000 0.068750 0.773148 0.070312 0.772222 0.070312 0.767593 0.071875 0.766667 0.072396 0.763889 0.078125 0.763889 0.078125 0.726852 0.010417 0.726852 0.009896 0.737963
2 0.340104 0.393519 0.340104 0.441667 0.353125 0.441667 0.353646 0.438889 0.403125 0.438889 0.403646 0.436111 0.418750 0.436111 0.419271 0.433333 0.442188 0.430556 0.442708 0.427778 0.451562 0.427778 0.452083 0.425000 0.465625 0.425000 0.465625 0.393519
2 0.590104 0.372222 0.620313 0.372222 0.620833 0.369444 0.631250 0.369444 0.631771 0.366667 0.642188 0.366667 0.642708 0.363889 0.675000 0.363889 0.675521 0.361111 0.685937 0.361111 0.685937 0.357407 0.683333 0.357407 0.679688 0.350926 0.678125 0.343519 0.670312 0.339815 0.672396 0.336111 0.681250 0.336111 0.681771 0.333333 0.690625 0.330556 0.692187 0.327778 0.692187 0.315741 0.641667 0.315741 0.641667 0.325926 0.636979 0.326852 0.636458 0.329630 0.617708 0.329630 0.615625 0.325926 0.615625 0.315741 0.590104 0.315741
2 0.209375 0.571296 0.201042 0.571296 0.200521 0.582407 0.197917 0.582407 0.197396 0.585185 0.188542 0.585185 0.188021 0.587963 0.183333 0.587963 0.182812 0.585185 0.166146 0.585185 0.165625 0.582407 0.159375 0.581481 0.159375 0.571296 0.146354 0.571296 0.145833 0.582407 0.141667 0.582407 0.141146 0.585185 0.130729 0.585185 0.130208 0.587963 0.119792 0.587963 0.116146 0.593519 0.110417 0.593519 0.109896 0.596296 0.071354 0.596296 0.071354 0.625000 0.090625 0.622222 0.091146 0.619444 0.117188 0.619444 0.117708 0.616667 0.126562 0.616667 0.127083 0.613889 0.167187 0.613889 0.167708 0.611111 0.209375 0.605556
2 0.346354 0.588889 0.400000 0.588889 0.400521 0.586111 0.415625 0.586111 0.416146 0.583333 0.421875 0.583333 0.422396 0.580556 0.428125 0.580556 0.428646 0.577778 0.462500 0.577778 0.462500 0.573148 0.464062 0.572222 0.464062 0.549074 0.369792 0.549074 0.369792 0.559259 0.367708 0.562963 0.365104 0.562963 0.364583 0.565741 0.346354 0.565741
2 0.197917 0.654630 0.197917 0.677778 0.198958 0.677778 0.199479 0.680556 0.202083 0.680556 0.202604 0.683333 0.204687 0.683333 0.205208 0.680556 0.232813 0.680556 0.233333 0.677778 0.256250 0.677778 0.256771 0.675000 0.278125 0.675000 0.278646 0.672222 0.282813 0.672222 0.282813 0.665741 0.281250 0.664815 0.281250 0.656481 0.282813 0.655556 0.282813 0.637963 0.201042 0.637963 0.201042 0.648148 0.199479 0.649074 0.199479 0.653704
2 0.346354 0.615741 0.346354 0.636111 0.370833 0.633333 0.371354 0.636111 0.376042 0.637037 0.373958 0.640741 0.346354 0.637963 0.346354 0.669444 0.364063 0.666667 0.364583 0.663889 0.393750 0.663889 0.397396 0.658333 0.409375 0.658333 0.409896 0.655556 0.471875 0.650000 0.471875 0.615741
2 0.002604 0.819444 0.010937 0.819444 0.011458 0.816667 0.017188 0.816667 0.017708 0.813889 0.045312 0.813889 0.045833 0.811111 0.054688 0.811111 0.055208 0.808333 0.060937 0.808333 0.061458 0.805556 0.064062 0.805556 0.064583 0.802778 0.067187 0.802778 0.067187 0.800926 0.068750 0.800000 0.068750 0.792593 0.070312 0.791667 0.070312 0.771296 0.011979 0.771296 0.011458 0.782407 0.002604 0.782407
2 0.477604 0.637963 0.477604 0.655556 0.493750 0.658333 0.494271 0.655556 0.516146 0.652778 0.518229 0.656481 0.516146 0.662963 0.511979 0.662963 0.511458 0.665741 0.494271 0.665741 0.493750 0.662963 0.477604 0.665741 0.477604 0.683333 0.570312 0.677778 0.570833 0.675000 0.585938 0.675000 0.586458 0.672222 0.593750 0.672222 0.595313 0.669444 0.595313 0.637963
2 0.602604 0.704630 0.602604 0.744444 0.609896 0.744444 0.610417 0.747222 0.614583 0.747222 0.615104 0.750000 0.617188 0.750000 0.617708 0.747222 0.631250 0.747222 0.631771 0.744444 0.653646 0.744444 0.654167 0.747222 0.705208 0.747222 0.705729 0.750000 0.711458 0.750000 0.711979 0.752778 0.715104 0.753704 0.715104 0.762037 0.711979 0.768519 0.711979 0.783333 0.726562 0.783333 0.726562 0.754630 0.725000 0.753704 0.725000 0.742593 0.726562 0.741667 0.726562 0.704630
2 0.352604 0.771296 0.352604 0.827778 0.368750 0.827778 0.368750 0.814815 0.378646 0.794444 0.389583 0.797222 0.393229 0.805556 0.398958 0.805556 0.399479 0.808333 0.426563 0.808333 0.427083 0.805556 0.442188 0.805556 0.442708 0.802778 0.451562 0.802778 0.452083 0.800000 0.452604 0.802778 0.478125 0.800000 0.478125 0.760185 0.379167 0.760185 0.379167 0.770370 0.376042 0.771296 0.375521 0.774074
2 0.590104 0.482407 0.590104 0.522222 0.602083 0.522222 0.602604 0.525000 0.610938 0.525000 0.611458 0.522222 0.662500 0.522222 0.663021 0.519444 0.676562 0.519444 0.677083 0.516667 0.682813 0.516667 0.683333 0.513889 0.685937 0.513889 0.689583 0.508333 0.709375 0.508333 0.709375 0.501852 0.689583 0.501852 0.689063 0.499074 0.686458 0.499074 0.682813 0.492593 0.682813 0.482407
2 0.333854 0.349074 0.333854 0.369444 0.355729 0.370370 0.333854 0.371296 0.333854 0.400000 0.342187 0.400000 0.342708 0.397222 0.420312 0.394444 0.420833 0.391667 0.428125 0.391667 0.433333 0.386111 0.465625 0.386111 0.465625 0.349074
2 0.002604 0.660185 0.002604 0.705556 0.012500 0.705556 0.013021 0.702778 0.026562 0.702778 0.027083 0.700000 0.042188 0.700000 0.042708 0.697222 0.062500 0.697222 0.063021 0.694444 0.067187 0.694444 0.067187 0.692593 0.068750 0.691667 0.069271 0.688889 0.070312 0.688889 0.070312 0.660185
2 0.577604 0.082407 0.577604 0.130556 0.603125 0.130556 0.603646 0.127778 0.623437 0.127778 0.623958 0.125000 0.632812 0.125000 0.633333 0.122222 0.681250 0.119444 0.681771 0.116667 0.685937 0.116667 0.689583 0.111111 0.696875 0.111111 0.697396 0.108333 0.700000 0.108333 0.700000 0.082407 0.632292 0.082407 0.630729 0.100926 0.627083 0.107407 0.621354 0.107407 0.620833 0.110185 0.591146 0.110185 0.590625 0.107407 0.586458 0.107407 0.584375 0.103704 0.585938 0.102778 0.586458 0.097222 0.600000 0.094444 0.600000 0.082407
2 0.596354 0.593519 0.596354 0.636111 0.609375 0.636111 0.609896 0.633333 0.653125 0.633333 0.653646 0.630556 0.692187 0.630556 0.692708 0.627778 0.704688 0.627778 0.705208 0.625000 0.721875 0.622222 0.721875 0.593519 0.680729 0.593519 0.680208 0.604630 0.672396 0.604630 0.671875 0.593519 0.641667 0.593519 0.641146 0.604630 0.634896 0.604630 0.634375 0.593519
2 0.596354 0.627778 0.607812 0.627778 0.607812 0.612963 0.606250 0.612037 0.606250 0.606481 0.609375 0.605556 0.609896 0.602778 0.645312 0.600000 0.645833 0.597222 0.659375 0.597222 0.659896 0.594444 0.695312 0.594444 0.695833 0.591667 0.710938 0.588889 0.714063 0.583333 0.714063 0.576852 0.712500 0.575926 0.710938 0.562963 0.694792 0.562963 0.694271 0.565741 0.689583 0.568519 0.689063 0.565741 0.673958 0.562963 0.673438 0.560185 0.670833 0.560185 0.670312 0.549074 0.596354 0.549074
2 0.340104 0.511111 0.353125 0.511111 0.353646 0.508333 0.423438 0.508333 0.423958 0.505556 0.437500 0.505556 0.438021 0.502778 0.448437 0.502778 0.448958 0.500000 0.462500 0.500000 0.464062 0.497222 0.464062 0.484259 0.465625 0.483333 0.465625 0.471296 0.391667 0.471296 0.391667 0.481481 0.389583 0.485185 0.382292 0.485185 0.380208 0.490741 0.377604 0.490741 0.377083 0.493519 0.355208 0.496296 0.354687 0.493519 0.350521 0.493519 0.350000 0.490741 0.340104 0.490741
2 0.352604 0.726852 0.352604 0.816667 0.370312 0.816667 0.370312 0.795370 0.372396 0.788889 0.392188 0.786111 0.392708 0.783333 0.404167 0.784259 0.405729 0.816667 0.425000 0.816667 0.426563 0.779630 0.419271 0.772222 0.445833 0.772222 0.451042 0.777778 0.458333 0.777778 0.461979 0.784259 0.463542 0.794444 0.467187 0.794444 0.468750 0.788889 0.468750 0.762037 0.471875 0.755556 0.470313 0.726852 0.396354 0.726852 0.395833 0.737963 0.392188 0.737037 0.392188 0.726852 0.388542 0.726852 0.388021 0.737963 0.376042 0.737963 0.375521 0.740741 0.364583 0.740741 0.360938 0.737037 0.360938 0.726852
2 0.590104 0.437963 0.590104 0.491667 0.604688 0.491667 0.605208 0.488889 0.628125 0.488889 0.628646 0.486111 0.667188 0.486111 0.667708 0.483333 0.678125 0.483333 0.678646 0.480556 0.682813 0.480556 0.683333 0.477778 0.710938 0.475000 0.710938 0.460185 0.709375 0.457407 0.691146 0.457407 0.689063 0.453704 0.689063 0.449074 0.687500 0.448148 0.687500 0.437963
2 0.577604 0.049074 0.577604 0.097222 0.585938 0.097222 0.586458 0.094444 0.600000 0.091667 0.600521 0.088889 0.615625 0.088889 0.616146 0.086111 0.703125 0.080556 0.703125 0.049074
2 0.465104 0.304630 0.465104 0.350000 0.528125 0.350000 0.528646 0.347222 0.535937 0.347222 0.536458 0.344444 0.543750 0.344444 0.544271 0.341667 0.554688 0.341667 0.555208 0.338889 0.567187 0.338889 0.567187 0.324074 0.559896 0.324074 0.556250 0.317593 0.556250 0.304630
2 0.196354 0.749074 0.196354 0.791667 0.205208 0.791667 0.205729 0.794444 0.210938 0.794444 0.211458 0.791667 0.226562 0.791667 0.227083 0.788889 0.300000 0.786111 0.300521 0.783333 0.307812 0.783333 0.308333 0.780556 0.321875 0.780556 0.322396 0.777778 0.328125 0.777778 0.328125 0.760185 0.322396 0.760185 0.321875 0.749074
2 0.465104 0.415741 0.465104 0.466667 0.475521 0.466667 0.476042 0.469444 0.489063 0.469444 0.489583 0.466667 0.492708 0.466667 0.493229 0.469444 0.500000 0.469444 0.500521 0.466667 0.520312 0.466667 0.520833 0.463889 0.537500 0.463889 0.538021 0.461111 0.556250 0.461111 0.556771 0.458333 0.564063 0.458333 0.564583 0.455556 0.570312 0.455556 0.570833 0.452778 0.590625 0.450000 0.590625 0.415741 0.580729 0.415741 0.580729 0.431481 0.575521 0.440741 0.569271 0.440741 0.564063 0.434259 0.564063 0.429630 0.562500 0.428704 0.562500 0.415741
2 0.071354 0.726852 0.071354 0.769444 0.098437 0.772222 0.098958 0.769444 0.107813 0.769444 0.108333 0.766667 0.123438 0.766667 0.123958 0.763889 0.158333 0.763889 0.158854 0.766667 0.160938 0.766667 0.161458 0.763889 0.187500 0.763889 0.188021 0.761111 0.193750 0.761111 0.195312 0.758333 0.195312 0.753704 0.196875 0.752778 0.196875 0.726852
2 0.346354 0.630556 0.364063 0.630556 0.364583 0.627778 0.378125 0.627778 0.378646 0.625000 0.387500 0.625000 0.388021 0.622222 0.434375 0.619444 0.434896 0.616667 0.451562 0.616667 0.452083 0.613889 0.460938 0.613889 0.464583 0.608333 0.471875 0.608333 0.471875 0.582407 0.444792 0.582407 0.444792 0.592593 0.441667 0.593519 0.441146 0.596296 0.416146 0.596296 0.415625 0.593519 0.412500 0.592593 0.412500 0.582407 0.388542 0.582407 0.388021 0.593519 0.383854 0.593519 0.383333 0.596296 0.379167 0.596296 0.378646 0.599074 0.358854 0.599074 0.358333 0.601852 0.346354 0.604630
2 0.477604 0.766667 0.484896 0.766667 0.485417 0.769444 0.498437 0.769444 0.498958 0.766667 0.504687 0.766667 0.505208 0.763889 0.512500 0.763889 0.513021 0.761111 0.528125 0.761111 0.528646 0.758333 0.567187 0.758333 0.567708 0.755556 0.590625 0.755556 0.591146 0.752778 0.600000 0.747222 0.600000 0.742593 0.601562 0.741667 0.601562 0.715741 0.511979 0.715741 0.511458 0.726852 0.494271 0.726852 0.493750 0.715741 0.486979 0.715741 0.486458 0.726852 0.477604 0.726852
2 0.002604 0.741667 0.018750 0.741667 0.019271 0.738889 0.026562 0.738889 0.027083 0.736111 0.039062 0.736111 0.039583 0.733333 0.053125 0.733333 0.053646 0.730556 0.059375 0.730556 0.059896 0.727778 0.062500 0.727778 0.063021 0.725000 0.065625 0.725000 0.066146 0.722222 0.068750 0.722222 0.068750 0.717593 0.070312 0.716667 0.070312 0.693519 0.002604 0.693519
2 0.590104 0.360185 0.590104 0.388889 0.595833 0.388889 0.597917 0.392593 0.590104 0.393519 0.590104 0.408333 0.640625 0.408333 0.641146 0.405556 0.651563 0.405556 0.652083 0.402778 0.657813 0.402778 0.658333 0.400000 0.665625 0.400000 0.666146 0.397222 0.682813 0.397222 0.683333 0.394444 0.690625 0.394444 0.690625 0.382407 0.686458 0.382407 0.685937 0.379630 0.678646 0.379630 0.678125 0.376852 0.664583 0.376852 0.664062 0.374074 0.642708 0.374074 0.640625 0.370370 0.640625 0.360185
2 0.452604 0.061111 0.523438 0.061111 0.523958 0.058333 0.529687 0.058333 0.530208 0.055556 0.535937 0.055556 0.536458 0.052778 0.556250 0.050000 0.559896 0.038889 0.567708 0.038889 0.569792 0.044444 0.571875 0.044444 0.573438 0.037037 0.575000 0.036111 0.576562 0.017593 0.578125 0.016667 0.578125 0.004630 0.452604 0.004630
2 0.596354 0.626852 0.596354 0.683333 0.620313 0.683333 0.620833 0.672222 0.625000 0.672222 0.625521 0.669444 0.634375 0.669444 0.634896 0.666667 0.712500 0.663889 0.713021 0.661111 0.720313 0.661111 0.722396 0.655556 0.728125 0.655556 0.728125 0.643519 0.721875 0.642593 0.721875 0.626852 0.691667 0.626852 0.691146 0.637963 0.677083 0.637963 0.676562 0.626852
2 0.071354 0.649074 0.071354 0.691667 0.096875 0.691667 0.097396 0.688889 0.150000 0.688889 0.150521 0.686111 0.190625 0.686111 0.193750 0.680556 0.193750 0.675926 0.195312 0.675000 0.195312 0.668519 0.192188 0.662037 0.192188 0.649074
2 0.002604 0.629630 0.002604 0.663889 0.017188 0.663889 0.017708 0.661111 0.034375 0.661111 0.034896 0.658333 0.068750 0.658333 0.068750 0.656481 0.070312 0.655556 0.070833 0.652778 0.071875 0.652778 0.071875 0.615741 0.015104 0.615741 0.014583 0.626852 0.010417 0.626852 0.009896 0.629630
2 0.346354 0.693519 0.346354 0.761111 0.406250 0.761111 0.406250 0.746296 0.393750 0.739815 0.410938 0.738889 0.411458 0.736111 0.434896 0.736111 0.438021 0.738889 0.433333 0.749074 0.430729 0.749074 0.430729 0.761111 0.467187 0.761111 0.467187 0.740741 0.465625 0.737963 0.455208 0.737963 0.454688 0.731481 0.458333 0.725000 0.467187 0.725000 0.468750 0.709259 0.470313 0.708333 0.470313 0.693519 0.365104 0.693519 0.364583 0.704630 0.356771 0.704630 0.356250 0.693519
2 0.577604 0.115741 0.577604 0.166667 0.600000 0.166667 0.600521 0.163889 0.642188 0.163889 0.642708 0.161111 0.660937 0.161111 0.661458 0.158333 0.675000 0.158333 0.675521 0.155556 0.696875 0.155556 0.697396 0.152778 0.709375 0.152778 0.709375 0.126852 0.702083 0.126852 0.701562 0.115741
2 0.002604 0.215741 0.002604 0.255556 0.017188 0.255556 0.017708 0.252778 0.032813 0.252778 0.033333 0.250000 0.050000 0.250000 0.050521 0.247222 0.053125 0.247222 0.053646 0.244444 0.059375 0.244444 0.059375 0.215741
2 0.583854 0.193519 0.583854 0.244444 0.614062 0.244444 0.614583 0.241667 0.631250 0.241667 0.631771 0.238889 0.637500 0.238889 0.638021 0.236111 0.662500 0.236111 0.663021 0.233333 0.703125 0.233333 0.706250 0.227778 0.706250 0.220370 0.707812 0.219444 0.707812 0.210185 0.706250 0.209259 0.706250 0.193519
2 0.590104 0.326852 0.590104 0.375000 0.598437 0.375000 0.598958 0.372222 0.623437 0.372222 0.623958 0.369444 0.632812 0.369444 0.633333 0.366667 0.643750 0.366667 0.644271 0.363889 0.678125 0.363889 0.678646 0.361111 0.687500 0.361111 0.687500 0.357407 0.684896 0.357407 0.679688 0.348148 0.679688 0.343519 0.678125 0.342593 0.678125 0.337963 0.676562 0.337037 0.676562 0.326852
2 0.340104 0.437963 0.340104 0.475000 0.356250 0.475000 0.356771 0.472222 0.412500 0.472222 0.413021 0.469444 0.429688 0.469444 0.430208 0.466667 0.437500 0.466667 0.438021 0.463889 0.455208 0.463889 0.455729 0.466667 0.471875 0.463889 0.471875 0.437963
2 0.000000 0.585185 0.000000 0.630556 0.004687 0.630556 0.005208 0.627778 0.014063 0.627778 0.014583 0.625000 0.026562 0.625000 0.027083 0.622222 0.037500 0.622222 0.038021 0.619444 0.053125 0.619444 0.053646 0.616667 0.070312 0.616667 0.072396 0.611111 0.078125 0.611111 0.078125 0.590741 0.072396 0.590741 0.071875 0.587963 0.070312 0.587037 0.070312 0.582407 0.068750 0.581481 0.068750 0.571296 0.030729 0.571296 0.030729 0.581481 0.026042 0.582407 0.025521 0.585185 0.019792 0.585185 0.019271 0.587963 0.003646 0.587963 0.003125 0.585185
2 0.327604 0.060185 0.327604 0.108333 0.395313 0.108333 0.395833 0.105556 0.407813 0.105556 0.408333 0.102778 0.414062 0.102778 0.414583 0.100000 0.420312 0.100000 0.420833 0.097222 0.453125 0.100000 0.453125 0.060185
2 0.177604 0.004630 0.177604 0.038889 0.184375 0.038889 0.184896 0.036111 0.223958 0.036111 0.224479 0.038889 0.253125 0.038889 0.253646 0.036111 0.295833 0.036111 0.296354 0.038889 0.300000 0.038889 0.300521 0.036111 0.304688 0.036111 0.306250 0.033333 0.306250 0.021296 0.303125 0.014815 0.303125 0.004630
2 0.583854 0.202778 0.598437 0.202778 0.598958 0.200000 0.609375 0.200000 0.609896 0.197222 0.662500 0.197222 0.663021 0.194444 0.675000 0.194444 0.675521 0.191667 0.688021 0.191667 0.688542 0.194444 0.690625 0.194444 0.691146 0.191667 0.701562 0.191667 0.704688 0.186111 0.704688 0.171296 0.703125 0.170370 0.703125 0.160185 0.643229 0.160185 0.642708 0.171296 0.627083 0.171296 0.626563 0.160185 0.597917 0.160185 0.597396 0.171296 0.593229 0.171296 0.592708 0.174074 0.583854 0.174074
2 0.590104 0.393519 0.590104 0.450000 0.648958 0.450000 0.649479 0.452778 0.653125 0.452778 0.653646 0.450000 0.660937 0.450000 0.661458 0.447222 0.665625 0.447222 0.666146 0.444444 0.670312 0.444444 0.670833 0.441667 0.689063 0.441667 0.689583 0.438889 0.701562 0.438889 0.702083 0.436111 0.706250 0.436111 0.706771 0.433333 0.710938 0.430556 0.710938 0.407407 0.707812 0.403704 0.707812 0.393519
2 0.477604 0.661111 0.498437 0.661111 0.498958 0.650000 0.501563 0.650000 0.502083 0.647222 0.507812 0.647222 0.508333 0.644444 0.545312 0.644444 0.545833 0.641667 0.575000 0.641667 0.575521 0.638889 0.579688 0.638889 0.584375 0.630556 0.584375 0.624074 0.582812 0.621296 0.578646 0.621296 0.578125 0.618519 0.552083 0.618519 0.551562 0.615741 0.545833 0.615741 0.545312 0.604630 0.477604 0.604630
2 0.183854 0.763889 0.192188 0.763889 0.195833 0.758333 0.198958 0.758333 0.199479 0.761111 0.207813 0.761111 0.208333 0.758333 0.221875 0.758333 0.222396 0.755556 0.222917 0.758333 0.229687 0.758333 0.230208 0.755556 0.251563 0.755556 0.252083 0.752778 0.268750 0.752778 0.269271 0.750000 0.290625 0.747222 0.291146 0.744444 0.296875 0.744444 0.297396 0.741667 0.309375 0.738889 0.314063 0.730556 0.314063 0.715741 0.183854 0.715741
2 0.471354 0.460185 0.471354 0.500000 0.514062 0.500000 0.514583 0.497222 0.535937 0.497222 0.536458 0.494444 0.548438 0.494444 0.548958 0.491667 0.553125 0.491667 0.558333 0.480556 0.560937 0.480556 0.564583 0.472222 0.570833 0.475000 0.572917 0.480556 0.575521 0.480556 0.576042 0.483333 0.581771 0.483333 0.582292 0.486111 0.585938 0.483333 0.585938 0.460185
2 0.458854 0.337963 0.458854 0.391667 0.482812 0.394444 0.483333 0.391667 0.503125 0.391667 0.503646 0.388889 0.557813 0.386111 0.558333 0.383333 0.567187 0.383333 0.567187 0.374074 0.565625 0.371296 0.552083 0.368519 0.551562 0.365741 0.547396 0.365741 0.546875 0.362963 0.544271 0.362963 0.542188 0.359259 0.546875 0.358333 0.547396 0.355556 0.554688 0.355556 0.555208 0.352778 0.560937 0.350000 0.560937 0.337963
2 0.071354 0.760185 0.071354 0.808333 0.083333 0.808333 0.083854 0.811111 0.098437 0.811111 0.098958 0.808333 0.110937 0.808333 0.111458 0.805556 0.118750 0.805556 0.119271 0.802778 0.139063 0.802778 0.139583 0.800000 0.184375 0.800000 0.184896 0.797222 0.190625 0.797222 0.193750 0.791667 0.193750 0.787037 0.195312 0.786111 0.193750 0.760185
2 0.327604 0.104630 0.327604 0.144444 0.335938 0.144444 0.336458 0.141667 0.348958 0.141667 0.349479 0.144444 0.367188 0.144444 0.367708 0.141667 0.423438 0.141667 0.423958 0.138889 0.431250 0.138889 0.431771 0.136111 0.435937 0.136111 0.436458 0.133333 0.448437 0.136111 0.452083 0.130556 0.459375 0.130556 0.459375 0.104630
2 0.583854 0.515741 0.583854 0.561111 0.598958 0.561111 0.601042 0.566667 0.606250 0.566667 0.606771 0.563889 0.625000 0.563889 0.625521 0.561111 0.648438 0.561111 0.648958 0.558333 0.662500 0.558333 0.663021 0.555556 0.671875 0.555556 0.672396 0.552778 0.682813 0.552778 0.683333 0.550000 0.690625 0.550000 0.690625 0.537963 0.688021 0.537963 0.687500 0.535185 0.683333 0.535185 0.682813 0.532407 0.680208 0.532407 0.679688 0.529630 0.670833 0.529630 0.670312 0.526852 0.664583 0.526852 0.664062 0.515741
2 0.183854 0.671296 0.183854 0.725000 0.192188 0.725000 0.195833 0.719444 0.197917 0.722222 0.253125 0.719444 0.253646 0.716667 0.265625 0.716667 0.266146 0.713889 0.284375 0.711111 0.284896 0.708333 0.307812 0.708333 0.308333 0.705556 0.317188 0.705556 0.317188 0.701852 0.310937 0.690741 0.295833 0.685185 0.293750 0.681481 0.293750 0.671296 0.199479 0.671296 0.199479 0.681481 0.197917 0.682407 0.197396 0.690741 0.195312 0.687037 0.195312 0.671296
2 0.071354 0.604630 0.071354 0.658333 0.112500 0.655556 0.113021 0.652778 0.131250 0.652778 0.131771 0.650000 0.156250 0.650000 0.156771 0.647222 0.165625 0.647222 0.166146 0.644444 0.170313 0.644444 0.170833 0.641667 0.178125 0.641667 0.178646 0.638889 0.182812 0.638889 0.184375 0.636111 0.184375 0.624074 0.181771 0.624074 0.178125 0.615741 0.175000 0.614815 0.175000 0.604630
2 0.171354 0.616667 0.189062 0.613889 0.189583 0.611111 0.195312 0.611111 0.195833 0.608333 0.209375 0.611111 0.209896 0.608333 0.220312 0.608333 0.220833 0.605556 0.242188 0.605556 0.242708 0.602778 0.257812 0.602778 0.258333 0.600000 0.278125 0.600000 0.278646 0.597222 0.290625 0.597222 0.291146 0.594444 0.295312 0.594444 0.296875 0.582407 0.292187 0.574074 0.289062 0.573148 0.289062 0.560185 0.171354 0.560185
2 0.452604 0.036111 0.462500 0.036111 0.463021 0.033333 0.467187 0.033333 0.472396 0.025000 0.489583 0.025000 0.499479 0.036111 0.509896 0.033333 0.510417 0.036111 0.513542 0.037037 0.513542 0.039815 0.508333 0.046296 0.504687 0.040741 0.496354 0.043519 0.495833 0.046296 0.493229 0.046296 0.494792 0.052778 0.521875 0.052778 0.523438 0.043519 0.520312 0.039815 0.525521 0.033333 0.528125 0.033333 0.533333 0.025000 0.562500 0.025000 0.563021 0.022222 0.573438 0.022222 0.578125 0.016667 0.578125 0.004630 0.452604 0.004630
2 0.000000 0.786111 0.010937 0.786111 0.011458 0.783333 0.017188 0.783333 0.017708 0.780556 0.060937 0.780556 0.061458 0.777778 0.067187 0.777778 0.067187 0.775926 0.070312 0.772222 0.070312 0.767593 0.071875 0.766667 0.072396 0.761111 0.078125 0.761111 0.078125 0.737963 0.000000 0.737963
2 0.471354 0.526852 0.471354 0.577778 0.514062 0.577778 0.514583 0.575000 0.521875 0.575000 0.522396 0.572222 0.537500 0.572222 0.538021 0.569444 0.564063 0.569444 0.564583 0.566667 0.578125 0.566667 0.578646 0.563889 0.584375 0.563889 0.584896 0.561111 0.587500 0.561111 0.589583 0.555556 0.603125 0.558333 0.603125 0.526852
2 0.190104 0.726852 0.190104 0.755556 0.195833 0.755556 0.201042 0.767593 0.201042 0.786111 0.202604 0.788889 0.259375 0.786111 0.259896 0.783333 0.279687 0.783333 0.280208 0.780556 0.289062 0.780556 0.289583 0.777778 0.320312 0.775000 0.320312 0.768519 0.317188 0.765741 0.305208 0.765741 0.304688 0.762963 0.295833 0.765741 0.295312 0.762963 0.285938 0.759259 0.292187 0.758333 0.292187 0.750926 0.295833 0.747222 0.317188 0.744444 0.320312 0.738889 0.320312 0.726852
2 0.465104 0.349074 0.465104 0.394444 0.490625 0.394444 0.491146 0.391667 0.506250 0.391667 0.506771 0.388889 0.539062 0.388889 0.539583 0.386111 0.556250 0.386111 0.556771 0.383333 0.565625 0.383333 0.565625 0.379630 0.564063 0.376852 0.559896 0.376852 0.559375 0.374074 0.556771 0.374074 0.556250 0.371296 0.553646 0.371296 0.553125 0.368519 0.547396 0.368519 0.546875 0.365741 0.544271 0.365741 0.543750 0.362963 0.541146 0.362963 0.540625 0.360185 0.534896 0.360185 0.534375 0.349074
2 0.465104 0.382407 0.465104 0.425000 0.473958 0.425000 0.474479 0.427778 0.504687 0.427778 0.505208 0.425000 0.521875 0.425000 0.522396 0.422222 0.540625 0.422222 0.541146 0.419444 0.553125 0.419444 0.553646 0.416667 0.557813 0.416667 0.557813 0.414815 0.562500 0.408333 0.562500 0.404630 0.561458 0.404630 0.560937 0.401852 0.558333 0.401852 0.556250 0.396296 0.553646 0.396296 0.553125 0.393519 0.550000 0.392593 0.550000 0.382407
2 0.177604 0.149074 0.177604 0.186111 0.188021 0.186111 0.188542 0.188889 0.267188 0.188889 0.267708 0.186111 0.306771 0.186111 0.307292 0.188889 0.310937 0.188889 0.310937 0.184259 0.312500 0.183333 0.312500 0.168519 0.306250 0.162037 0.306250 0.149074
2 0.471354 0.493519 0.471354 0.541667 0.503125 0.541667 0.503646 0.538889 0.525000 0.538889 0.525521 0.536111 0.556250 0.533333 0.556771 0.530556 0.578125 0.530556 0.578646 0.527778 0.582812 0.527778 0.583333 0.525000 0.585938 0.525000 0.589583 0.519444 0.596875 0.519444 0.596875 0.512963 0.591146 0.512963 0.587500 0.506481 0.587500 0.493519
2 0.052604 0.193519 0.052604 0.205556 0.059896 0.205556 0.060417 0.208333 0.063021 0.208333 0.063542 0.211111 0.066146 0.211111 0.068229 0.214815 0.068229 0.227778 0.072917 0.238889 0.143750 0.238889 0.144271 0.236111 0.182812 0.236111 0.183333 0.233333 0.190625 0.233333 0.190625 0.193519
2 0.602604 0.626852 0.602604 0.675000 0.618750 0.675000 0.619271 0.672222 0.625000 0.672222 0.625521 0.669444 0.648438 0.669444 0.648958 0.666667 0.675000 0.666667 0.675521 0.663889 0.720313 0.663889 0.722396 0.652778 0.728125 0.652778 0.728125 0.649074 0.721875 0.648148 0.721875 0.640741 0.720313 0.639815 0.720313 0.626852
2 0.602604 0.737963 0.602604 0.794444 0.643750 0.794444 0.643750 0.784259 0.650000 0.783333 0.650521 0.780556 0.681250 0.780556 0.681771 0.777778 0.701562 0.777778 0.702083 0.775000 0.704167 0.777778 0.723437 0.777778 0.727083 0.772222 0.734375 0.772222 0.734375 0.737963
2 0.002604 0.237963 0.002604 0.291667 0.015625 0.291667 0.016146 0.288889 0.034896 0.288889 0.035417 0.291667 0.050000 0.291667 0.050521 0.288889 0.059375 0.288889 0.059375 0.237963
2 0.171354 0.182407 0.171354 0.200000 0.179688 0.200000 0.183333 0.194444 0.185417 0.195370 0.186979 0.219444 0.190104 0.227778 0.209896 0.227778 0.210417 0.230556 0.260937 0.230556 0.261458 0.227778 0.267188 0.227778 0.265625 0.217593 0.267708 0.213889 0.282813 0.211111 0.283333 0.208333 0.303646 0.211111 0.304167 0.216667 0.308854 0.225000 0.315625 0.225000 0.315625 0.182407
2 0.002604 0.537963 0.002604 0.588889 0.010937 0.588889 0.011458 0.586111 0.021875 0.586111 0.022396 0.583333 0.039062 0.583333 0.039583 0.580556 0.048438 0.580556 0.048958 0.577778 0.071875 0.577778 0.071875 0.537963
2 0.452604 0.060185 0.452604 0.113889 0.459375 0.113889 0.459896 0.111111 0.471875 0.108333 0.472396 0.105556 0.495312 0.102778 0.495833 0.100000 0.531250 0.100000 0.531771 0.097222 0.542188 0.097222 0.542708 0.094444 0.554688 0.094444 0.555208 0.091667 0.562500 0.091667 0.563021 0.088889 0.567708 0.088889 0.568229 0.091667 0.584375 0.088889 0.584375 0.060185
2 0.052604 0.115741 0.052604 0.166667 0.087500 0.166667 0.088021 0.163889 0.094271 0.163889 0.094792 0.166667 0.129688 0.169444 0.130208 0.166667 0.146875 0.166667 0.147396 0.163889 0.170833 0.163889 0.171354 0.166667 0.178646 0.166667 0.180729 0.170370 0.180729 0.186111 0.190625 0.186111 0.190625 0.115741
2 0.577604 0.060185 0.577604 0.097222 0.595313 0.094444 0.595833 0.091667 0.603125 0.091667 0.603646 0.088889 0.682813 0.088889 0.683333 0.086111 0.703125 0.086111 0.703125 0.060185
2 0.183854 0.560185 0.183854 0.613889 0.192188 0.613889 0.195833 0.608333 0.198958 0.608333 0.199479 0.611111 0.214062 0.611111 0.214583 0.608333 0.226562 0.608333 0.227083 0.605556 0.246875 0.605556 0.247396 0.602778 0.281250 0.600000 0.281771 0.597222 0.292187 0.597222 0.292708 0.594444 0.298438 0.594444 0.298438 0.589815 0.300000 0.588889 0.300000 0.579630 0.297396 0.579630 0.295312 0.574074 0.292187 0.573148 0.292187 0.560185
2 0.002604 0.171296 0.002604 0.213889 0.048438 0.213889 0.048958 0.211111 0.051562 0.211111 0.051562 0.209259 0.053125 0.208333 0.053646 0.205556 0.059375 0.205556 0.059375 0.190741 0.053125 0.189815 0.053125 0.171296
2 0.590104 0.404630 0.590104 0.450000 0.653125 0.450000 0.653646 0.447222 0.664062 0.447222 0.664583 0.444444 0.670312 0.444444 0.670833 0.441667 0.690625 0.441667 0.691146 0.438889 0.700000 0.438889 0.700521 0.436111 0.706250 0.436111 0.706771 0.433333 0.709375 0.433333 0.712500 0.427778 0.712500 0.424074 0.710938 0.423148 0.710938 0.404630
2 0.458854 0.126852 0.458854 0.177778 0.476562 0.177778 0.477083 0.175000 0.484375 0.175000 0.484896 0.172222 0.496875 0.172222 0.497396 0.169444 0.531250 0.169444 0.531771 0.166667 0.545312 0.166667 0.545833 0.163889 0.575000 0.163889 0.578646 0.155556 0.584375 0.155556 0.584375 0.126852
2 0.177604 0.037963 0.177604 0.077778 0.253125 0.077778 0.253646 0.075000 0.271875 0.075000 0.272396 0.072222 0.304688 0.072222 0.304688 0.067593 0.306250 0.066667 0.306250 0.037963 0.299479 0.037963 0.299479 0.050926 0.296354 0.051852 0.295833 0.054630 0.283333 0.054630 0.282813 0.051852 0.276562 0.048148 0.276562 0.037963
2 0.458854 0.093519 0.458854 0.141667 0.473438 0.138889 0.473958 0.136111 0.481250 0.136111 0.481771 0.133333 0.495312 0.133333 0.495833 0.130556 0.496354 0.133333 0.531250 0.133333 0.531771 0.130556 0.546875 0.130556 0.547396 0.127778 0.584375 0.127778 0.584375 0.093519
2 0.046354 0.082407 0.046354 0.097222 0.052083 0.097222 0.057292 0.106481 0.055729 0.107407 0.057292 0.119444 0.068750 0.119444 0.070312 0.112963 0.060937 0.106481 0.070833 0.097222 0.103646 0.100000 0.105208 0.107407 0.086979 0.110185 0.086458 0.112963 0.077604 0.115741 0.077604 0.119444 0.084896 0.119444 0.093229 0.125000 0.117188 0.125000 0.117708 0.122222 0.134375 0.122222 0.134896 0.119444 0.175000 0.119444 0.175521 0.116667 0.190625 0.119444 0.190625 0.082407
2 0.046354 0.460185 0.046354 0.516667 0.123438 0.516667 0.123958 0.505556 0.146875 0.502778 0.147396 0.500000 0.164062 0.500000 0.164583 0.497222 0.184375 0.497222 0.184896 0.494444 0.192188 0.494444 0.195833 0.488889 0.215625 0.491667 0.215625 0.460185
2 0.471354 0.493519 0.471354 0.541667 0.507812 0.541667 0.508333 0.538889 0.529687 0.538889 0.530208 0.536111 0.546875 0.536111 0.547396 0.533333 0.568750 0.533333 0.569271 0.530556 0.579688 0.530556 0.580208 0.527778 0.584375 0.527778 0.591146 0.519444 0.591667 0.522222 0.603125 0.522222 0.603125 0.493519 0.593229 0.493519 0.593229 0.503704 0.591667 0.504630 0.591146 0.510185 0.589063 0.506481 0.589063 0.493519
2 0.065104 0.540741 0.065104 0.575000 0.072396 0.575000 0.074479 0.580556 0.090625 0.580556 0.091146 0.577778 0.106250 0.577778 0.106771 0.575000 0.159375 0.575000 0.159896 0.572222 0.176563 0.572222 0.177083 0.569444 0.196875 0.566667 0.197396 0.563889 0.215625 0.563889 0.215625 0.549074 0.170833 0.546296 0.167187 0.539815 0.167187 0.526852 0.071354 0.526852 0.071354 0.539815
2 0.052604 0.226852 0.052604 0.247222 0.058333 0.247222 0.060417 0.250926 0.058854 0.278704 0.052604 0.279630 0.052604 0.294444 0.107813 0.294444 0.107813 0.284259 0.111458 0.280556 0.181250 0.277778 0.181771 0.275000 0.184896 0.275000 0.185417 0.277778 0.196875 0.277778 0.196875 0.226852
2 0.333854 0.326852 0.333854 0.363889 0.345313 0.363889 0.345833 0.361111 0.404687 0.361111 0.405208 0.358333 0.412500 0.358333 0.413021 0.355556 0.439063 0.352778 0.439583 0.350000 0.456771 0.350000 0.457292 0.352778 0.465625 0.352778 0.465625 0.326852
2 0.346354 0.633333 0.354687 0.633333 0.355208 0.630556 0.378125 0.630556 0.378646 0.627778 0.389062 0.627778 0.389583 0.625000 0.409375 0.625000 0.409896 0.622222 0.451562 0.622222 0.455208 0.616667 0.460938 0.616667 0.461458 0.613889 0.465625 0.613889 0.466146 0.611111 0.471875 0.611111 0.471875 0.593519 0.346354 0.593519
2 0.002604 0.093519 0.002604 0.141667 0.018750 0.141667 0.019271 0.138889 0.044271 0.138889 0.044792 0.141667 0.048438 0.141667 0.048438 0.139815 0.050000 0.138889 0.050521 0.136111 0.051562 0.136111 0.051562 0.131481 0.053125 0.130556 0.053125 0.123148 0.059375 0.122222 0.059375 0.093519
2 0.321354 0.066667 0.334375 0.066667 0.334896 0.063889 0.343750 0.063889 0.344271 0.061111 0.390625 0.063889 0.391146 0.061111 0.403125 0.061111 0.403646 0.058333 0.407813 0.058333 0.408333 0.055556 0.417187 0.055556 0.417708 0.052778 0.429688 0.052778 0.431250 0.050000 0.431250 0.039815 0.434896 0.033333 0.435417 0.036111 0.443750 0.036111 0.447396 0.030556 0.453125 0.030556 0.453125 0.015741 0.321354 0.015741
