2 0.229687 0.760185 0.196354 0.760185 0.196354 0.905556 0.204687 0.905556 0.204687 0.895370 0.211458 0.883333 0.214062 0.883333 0.219271 0.872222 0.221875 0.872222 0.227083 0.861111 0.229687 0.861111 0.231771 0.855556 0.237500 0.852778 0.245833 0.836111 0.250000 0.836111 0.250521 0.833333 0.253125 0.833333 0.253646 0.830556 0.259375 0.830556 0.259375 0.815741 0.253646 0.815741 0.251563 0.812037 0.251563 0.807407 0.242188 0.792593 0.240625 0.782407 0.237500 0.776852 0.234896 0.776852 0.234375 0.774074 0.231771 0.774074 0.229687 0.770370
2 0.708854 0.637963 0.708854 0.697222 0.717708 0.697222 0.718229 0.700000 0.720833 0.700000 0.721354 0.702778 0.723958 0.702778 0.724479 0.705556 0.730208 0.708333 0.732292 0.713889 0.734896 0.713889 0.735417 0.716667 0.739583 0.716667 0.740104 0.719444 0.742708 0.719444 0.743229 0.722222 0.745833 0.722222 0.746354 0.725000 0.748958 0.725000 0.749479 0.727778 0.753646 0.727778 0.754167 0.730556 0.759896 0.730556 0.760417 0.733333 0.763021 0.733333 0.763542 0.736111 0.768750 0.736111 0.771875 0.730556 0.771875 0.718519 0.770312 0.717593 0.770312 0.684259 0.778125 0.683333 0.778125 0.637963
2 0.708854 0.737963 0.708854 0.786111 0.717708 0.786111 0.718229 0.788889 0.720833 0.788889 0.726042 0.800000 0.728646 0.800000 0.740104 0.819444 0.745833 0.822222 0.747917 0.827778 0.750521 0.827778 0.751042 0.830556 0.753646 0.830556 0.754167 0.833333 0.756771 0.833333 0.757292 0.836111 0.759896 0.836111 0.763542 0.841667 0.773438 0.841667 0.775000 0.838889 0.775000 0.812037 0.776563 0.811111 0.776563 0.800926 0.784375 0.800000 0.784375 0.737963 0.774479 0.737963 0.774479 0.758333 0.776042 0.759259 0.776042 0.772222 0.777604 0.773148 0.776042 0.774074 0.776042 0.781481 0.774479 0.782407 0.773958 0.787963 0.770833 0.787963 0.767188 0.782407 0.763021 0.782407 0.759375 0.776852 0.753646 0.776852 0.753125 0.774074 0.747396 0.771296 0.745313 0.765741 0.741146 0.765741 0.740625 0.762963 0.734896 0.760185 0.732812 0.754630 0.730208 0.754630 0.729688 0.751852 0.727083 0.751852 0.725000 0.748148 0.725000 0.737963
2 0.196875 0.760185 0.165104 0.760185 0.164583 0.771296 0.161979 0.771296 0.158333 0.776852 0.154167 0.776852 0.152083 0.782407 0.149479 0.782407 0.145833 0.787963 0.141667 0.787963 0.136458 0.796296 0.133854 0.796296 0.133333 0.799074 0.130729 0.799074 0.120833 0.810185 0.113542 0.812963 0.111458 0.818519 0.107292 0.818519 0.106771 0.821296 0.099479 0.824074 0.098958 0.826852 0.090104 0.826852 0.090104 0.897222 0.103125 0.894444 0.103646 0.891667 0.110937 0.888889 0.111458 0.886111 0.114062 0.886111 0.114583 0.883333 0.117188 0.883333 0.117708 0.880556 0.120313 0.880556 0.120833 0.877778 0.123438 0.877778 0.133333 0.866667 0.137500 0.866667 0.138021 0.863889 0.143750 0.861111 0.145833 0.855556 0.151562 0.852778 0.153646 0.847222 0.156250 0.847222 0.158333 0.841667 0.160938 0.841667 0.163021 0.836111 0.165625 0.836111 0.166146 0.833333 0.178125 0.825000 0.180208 0.819444 0.182812 0.819444 0.189062 0.808333 0.189062 0.803704 0.191146 0.800000 0.196875 0.800000
2 0.765104 0.637963 0.765104 0.686111 0.772396 0.686111 0.777604 0.694444 0.789583 0.697222 0.790104 0.700000 0.792708 0.700000 0.796354 0.705556 0.805208 0.708333 0.807292 0.713889 0.817708 0.716667 0.818229 0.719444 0.823958 0.722222 0.826042 0.727778 0.836458 0.730556 0.840104 0.738889 0.844271 0.738889 0.846354 0.742593 0.846354 0.747222 0.847917 0.748148 0.847917 0.761111 0.856250 0.761111 0.854688 0.737037 0.857812 0.730556 0.857812 0.689815 0.859375 0.688889 0.859375 0.682407 0.857812 0.679630 0.855208 0.679630 0.854688 0.676852 0.845833 0.676852 0.842187 0.671296 0.827083 0.665741 0.821875 0.657407 0.802083 0.654630 0.801562 0.651852 0.798958 0.651852 0.796875 0.648148 0.796875 0.637963
2 0.090104 0.755556 0.103125 0.755556 0.103646 0.752778 0.112500 0.750000 0.113021 0.747222 0.115625 0.747222 0.119271 0.741667 0.123438 0.741667 0.123958 0.738889 0.126562 0.738889 0.128646 0.733333 0.135937 0.730556 0.136458 0.727778 0.139063 0.727778 0.139583 0.725000 0.142187 0.725000 0.145833 0.719444 0.150000 0.719444 0.150521 0.716667 0.154688 0.716667 0.158333 0.711111 0.167187 0.708333 0.173958 0.697222 0.181250 0.694444 0.181250 0.674074 0.177083 0.671296 0.176563 0.668519 0.173958 0.668519 0.170313 0.662037 0.170313 0.657407 0.167187 0.650926 0.167187 0.637963 0.090104 0.637963
2 0.757812 0.260185 0.735417 0.260185 0.735417 0.270370 0.733854 0.271296 0.733333 0.274074 0.730729 0.274074 0.730208 0.276852 0.727604 0.276852 0.725521 0.282407 0.722917 0.282407 0.720833 0.287963 0.718229 0.287963 0.716146 0.293519 0.713542 0.293519 0.713021 0.296296 0.710417 0.296296 0.709896 0.299074 0.702604 0.299074 0.702604 0.350000 0.715625 0.350000 0.715625 0.337037 0.717187 0.336111 0.717708 0.333333 0.720313 0.333333 0.720833 0.330556 0.723437 0.330556 0.723958 0.327778 0.728125 0.327778 0.728125 0.325926 0.729688 0.325000 0.731771 0.319444 0.737500 0.319444 0.738021 0.316667 0.742188 0.316667 0.742708 0.313889 0.745313 0.313889 0.745833 0.311111 0.753125 0.311111 0.753646 0.308333 0.756250 0.308333 0.756250 0.306481 0.757812 0.305556 0.757812 0.300926 0.759375 0.300000 0.759375 0.282407 0.757812 0.281481
2 0.708854 0.604630 0.708854 0.652778 0.716146 0.652778 0.716667 0.655556 0.719271 0.655556 0.719792 0.658333 0.722396 0.658333 0.722917 0.661111 0.725521 0.661111 0.726042 0.663889 0.730208 0.663889 0.730729 0.666667 0.733333 0.666667 0.733854 0.669444 0.736458 0.669444 0.736979 0.672222 0.739583 0.672222 0.740104 0.675000 0.748958 0.675000 0.749479 0.677778 0.753646 0.677778 0.755729 0.683333 0.758333 0.683333 0.758854 0.686111 0.763021 0.686111 0.765104 0.691667 0.771875 0.691667 0.771875 0.635185 0.763021 0.635185 0.762500 0.632407 0.756771 0.632407 0.756250 0.629630 0.750521 0.629630 0.750000 0.626852 0.745833 0.626852 0.745313 0.624074 0.736458 0.624074 0.735938 0.621296 0.731771 0.621296 0.731250 0.618519 0.728646 0.618519 0.728125 0.615741 0.726562 0.614815 0.726562 0.604630
2 0.851562 0.182407 0.835417 0.182407 0.835417 0.192593 0.830208 0.201852 0.827604 0.201852 0.823958 0.207407 0.802604 0.215741 0.802083 0.218519 0.799479 0.218519 0.795833 0.224074 0.791667 0.224074 0.791146 0.226852 0.786979 0.226852 0.783333 0.232407 0.779167 0.232407 0.778646 0.235185 0.769792 0.237963 0.767708 0.243519 0.758854 0.243519 0.758854 0.297222 0.775000 0.294444 0.775521 0.291667 0.778125 0.291667 0.781771 0.286111 0.796875 0.280556 0.797396 0.277778 0.800000 0.277778 0.803646 0.272222 0.807813 0.272222 0.808333 0.269444 0.814063 0.269444 0.814583 0.266667 0.817187 0.266667 0.817708 0.263889 0.820312 0.263889 0.820833 0.261111 0.823438 0.261111 0.823958 0.258333 0.826562 0.258333 0.827083 0.255556 0.829688 0.255556 0.833333 0.250000 0.837500 0.250000 0.838021 0.247222 0.842187 0.247222 0.842708 0.244444 0.848437 0.244444 0.850000 0.241667 0.850000 0.231481 0.851562 0.230556
2 0.771354 0.749074 0.771354 0.800000 0.780208 0.800000 0.780729 0.802778 0.784896 0.802778 0.786979 0.808333 0.794271 0.811111 0.797917 0.819444 0.800521 0.819444 0.802604 0.825000 0.805208 0.825000 0.807292 0.830556 0.809896 0.830556 0.811979 0.836111 0.814583 0.836111 0.816667 0.841667 0.819271 0.841667 0.826042 0.852778 0.834896 0.858333 0.836979 0.863889 0.839583 0.863889 0.846354 0.875000 0.855208 0.880556 0.857292 0.884259 0.857292 0.894444 0.865625 0.894444 0.865625 0.810185 0.858333 0.810185 0.851562 0.799074 0.845833 0.799074 0.845313 0.796296 0.841146 0.796296 0.837500 0.790741 0.833333 0.790741 0.826562 0.782407 0.813021 0.776852 0.809375 0.768519 0.806771 0.768519 0.806250 0.765741 0.803646 0.765741 0.798438 0.759259 0.798438 0.749074
2 0.183854 0.761111 0.226562 0.761111 0.226562 0.746296 0.223958 0.746296 0.220312 0.739815 0.222396 0.736111 0.256250 0.733333 0.256771 0.730556 0.267188 0.730556 0.267708 0.727778 0.296875 0.722222 0.297396 0.719444 0.303125 0.716667 0.305208 0.711111 0.309375 0.711111 0.309896 0.708333 0.318750 0.702778 0.322396 0.694444 0.328125 0.694444 0.328125 0.682407 0.246354 0.682407 0.246354 0.692593 0.241667 0.693519 0.241146 0.696296 0.215104 0.696296 0.214583 0.699074 0.194271 0.699074 0.190625 0.693519 0.183854 0.693519
2 0.702604 0.526852 0.702604 0.563889 0.739583 0.572222 0.743229 0.578704 0.741146 0.585185 0.735417 0.585185 0.730208 0.590741 0.713542 0.593519 0.713542 0.605556 0.730208 0.613889 0.732292 0.627778 0.768750 0.627778 0.768750 0.612963 0.762500 0.595370 0.763021 0.580556 0.822917 0.597222 0.865625 0.594444 0.865625 0.560185 0.859375 0.559259 0.856250 0.526852
2 0.096875 0.837963 0.068229 0.837963 0.068229 0.848148 0.063021 0.857407 0.060417 0.857407 0.056771 0.865741 0.054167 0.865741 0.052083 0.871296 0.049479 0.871296 0.048958 0.874074 0.046354 0.874074 0.039583 0.882407 0.035417 0.882407 0.028646 0.893519 0.024479 0.893519 0.023958 0.896296 0.021354 0.896296 0.014583 0.904630 0.002604 0.907407 0.002604 0.988889 0.009375 0.988889 0.009896 0.986111 0.025000 0.975000 0.027083 0.969444 0.029687 0.969444 0.031771 0.963889 0.037500 0.961111 0.039583 0.955556 0.042188 0.955556 0.048958 0.944444 0.051562 0.944444 0.052083 0.941667 0.057813 0.938889 0.059896 0.933333 0.065625 0.930556 0.075521 0.913889 0.079687 0.913889 0.080208 0.911111 0.085938 0.908333 0.091146 0.894444 0.096875 0.894444
2 0.096875 0.760185 0.076042 0.760185 0.076042 0.770370 0.073958 0.774074 0.071354 0.774074 0.069271 0.779630 0.054167 0.790741 0.052083 0.796296 0.047917 0.796296 0.038021 0.807407 0.027604 0.810185 0.027083 0.812963 0.024479 0.812963 0.023958 0.815741 0.021354 0.815741 0.008333 0.829630 0.000000 0.832407 0.000000 0.908333 0.010937 0.908333 0.017708 0.900000 0.021875 0.900000 0.022396 0.897222 0.028125 0.894444 0.030208 0.888889 0.039062 0.883333 0.041146 0.877778 0.045312 0.877778 0.045833 0.875000 0.051562 0.872222 0.061458 0.855556 0.064062 0.855556 0.070833 0.847222 0.087500 0.844444 0.091146 0.836111 0.096875 0.836111 0.096875 0.815741 0.090625 0.814815 0.090625 0.787963 0.089063 0.787037 0.089063 0.781481 0.091146 0.777778 0.096875 0.777778
2 0.002604 0.135185 0.002604 0.219444 0.014583 0.219444 0.033854 0.236111 0.044271 0.238889 0.057292 0.250000 0.086458 0.263889 0.091667 0.272222 0.100521 0.275000 0.113542 0.288889 0.117708 0.288889 0.121354 0.295370 0.121354 0.305556 0.153125 0.305556 0.153125 0.240741 0.123958 0.240741 0.114583 0.235185 0.101562 0.218519 0.083333 0.210185 0.068750 0.179630 0.056771 0.171296 0.043750 0.154630 0.023958 0.146296 0.010937 0.135185
2 0.696354 0.460185 0.696354 0.519444 0.714583 0.522222 0.715104 0.525000 0.770833 0.525000 0.788542 0.536111 0.811458 0.538889 0.811979 0.550000 0.817187 0.550000 0.817708 0.538889 0.823958 0.538889 0.824479 0.550000 0.831250 0.550000 0.831771 0.538889 0.841146 0.538889 0.841667 0.550000 0.854688 0.550000 0.854688 0.539815 0.857812 0.536111 0.859375 0.523148 0.865625 0.522222 0.865625 0.485185 0.859375 0.484259 0.857812 0.460185
2 0.771354 0.682407 0.771354 0.741667 0.778646 0.741667 0.784896 0.747222 0.786979 0.752778 0.792708 0.755556 0.794792 0.761111 0.802083 0.763889 0.807292 0.772222 0.822917 0.786111 0.833333 0.788889 0.835417 0.794444 0.848958 0.802778 0.851042 0.806481 0.851042 0.816667 0.865625 0.816667 0.865625 0.754630 0.859896 0.754630 0.854688 0.740741 0.838021 0.732407 0.829688 0.718519 0.820312 0.714815 0.822396 0.711111 0.829688 0.711111 0.838021 0.702778 0.854688 0.705556 0.857812 0.694444 0.857812 0.682407
2 0.000000 0.382407 0.000000 0.472222 0.047396 0.472222 0.047917 0.475000 0.066146 0.475000 0.066667 0.477778 0.070833 0.477778 0.071354 0.480556 0.076563 0.480556 0.077083 0.477778 0.084375 0.477778 0.084375 0.401852 0.064583 0.401852 0.064062 0.399074 0.052083 0.399074 0.051562 0.396296 0.045833 0.396296 0.045312 0.393519 0.042188 0.392593 0.042188 0.382407
2 0.312500 0.715741 0.258854 0.715741 0.258854 0.725926 0.252604 0.726852 0.252083 0.729630 0.190104 0.735185 0.190104 0.755556 0.195833 0.755556 0.196354 0.758333 0.200521 0.758333 0.202604 0.762037 0.196354 0.776852 0.196354 0.794444 0.223438 0.794444 0.223958 0.772222 0.229687 0.772222 0.230208 0.769444 0.243750 0.769444 0.244271 0.766667 0.256250 0.766667 0.256771 0.763889 0.268750 0.763889 0.269271 0.761111 0.289062 0.761111 0.289583 0.758333 0.298438 0.752778 0.303646 0.741667 0.307812 0.738889 0.307812 0.734259 0.312500 0.727778
2 0.096875 0.682407 0.076042 0.682407 0.075521 0.693519 0.068229 0.696296 0.067708 0.699074 0.063542 0.699074 0.063021 0.701852 0.052604 0.704630 0.045833 0.712963 0.032292 0.715741 0.031771 0.718519 0.022917 0.718519 0.022396 0.721296 0.011979 0.721296 0.011458 0.724074 0.000000 0.724074 0.000000 0.825000 0.007812 0.825000 0.008333 0.822222 0.015625 0.819444 0.022396 0.811111 0.026562 0.811111 0.027083 0.808333 0.031250 0.808333 0.031771 0.805556 0.037500 0.805556 0.038021 0.802778 0.040625 0.802778 0.044271 0.797222 0.048438 0.797222 0.048958 0.794444 0.051562 0.794444 0.052083 0.791667 0.054688 0.791667 0.061458 0.783333 0.068750 0.780556 0.070833 0.775000 0.075000 0.775000 0.078646 0.769444 0.087500 0.766667 0.089063 0.763889 0.089063 0.756481 0.090625 0.755556 0.089063 0.720370 0.090625 0.719444 0.091146 0.713889 0.096875 0.713889
2 0.853125 0.249074 0.824479 0.249074 0.824479 0.259259 0.822396 0.262963 0.816667 0.262963 0.816146 0.265741 0.813542 0.265741 0.813021 0.268519 0.810417 0.268519 0.806771 0.274074 0.796354 0.276852 0.795833 0.279630 0.793229 0.279630 0.789583 0.285185 0.779167 0.287963 0.778646 0.290741 0.776042 0.290741 0.772396 0.296296 0.758854 0.299074 0.758854 0.350000 0.770312 0.350000 0.770833 0.347222 0.781250 0.344444 0.781771 0.341667 0.790625 0.341667 0.791146 0.338889 0.798438 0.338889 0.798958 0.336111 0.803125 0.336111 0.803646 0.333333 0.821875 0.330556 0.822396 0.327778 0.828125 0.327778 0.828646 0.325000 0.832812 0.325000 0.833333 0.322222 0.837500 0.322222 0.838021 0.319444 0.845313 0.319444 0.845833 0.316667 0.848437 0.316667 0.851562 0.311111 0.851562 0.298148 0.853125 0.297222 0.853125 0.290741 0.851562 0.289815
2 0.000000 0.293519 0.000000 0.386111 0.033333 0.388889 0.033854 0.391667 0.044271 0.394444 0.044792 0.397222 0.061458 0.397222 0.061979 0.400000 0.075000 0.400000 0.075521 0.397222 0.082812 0.397222 0.083333 0.394444 0.106250 0.394444 0.106771 0.391667 0.117188 0.391667 0.117708 0.388889 0.129688 0.388889 0.130208 0.386111 0.132812 0.386111 0.131250 0.371296 0.122396 0.371296 0.117188 0.362963 0.114583 0.362963 0.112500 0.357407 0.105208 0.354630 0.101562 0.349074 0.097396 0.349074 0.092188 0.343519 0.086458 0.343519 0.085938 0.340741 0.080208 0.340741 0.073438 0.332407 0.066146 0.329630 0.060937 0.321296 0.042708 0.318519 0.035937 0.310185 0.019271 0.307407 0.017188 0.303704 0.017188 0.293519
2 0.765104 0.582407 0.765104 0.633333 0.772396 0.633333 0.772917 0.638889 0.777083 0.638889 0.777604 0.641667 0.784896 0.641667 0.785417 0.644444 0.791146 0.644444 0.791667 0.647222 0.795833 0.647222 0.796354 0.650000 0.814583 0.652778 0.815104 0.655556 0.819271 0.655556 0.822917 0.661111 0.833333 0.663889 0.833854 0.666667 0.836458 0.666667 0.838542 0.672222 0.841146 0.672222 0.841667 0.675000 0.859375 0.675000 0.862500 0.669444 0.862500 0.664815 0.864062 0.663889 0.864062 0.618519 0.862500 0.617593 0.862500 0.607407 0.860938 0.606481 0.860938 0.601852 0.859375 0.599074 0.856771 0.599074 0.856250 0.596296 0.828646 0.596296 0.828125 0.593519 0.823438 0.592593 0.823438 0.582407
2 0.178125 0.693519 0.174479 0.693519 0.174479 0.703704 0.171354 0.704630 0.167708 0.712963 0.165104 0.712963 0.164583 0.715741 0.158854 0.715741 0.158333 0.718519 0.154167 0.718519 0.150521 0.724074 0.140104 0.726852 0.136458 0.735185 0.127604 0.737963 0.123958 0.746296 0.115104 0.749074 0.109896 0.757407 0.102604 0.757407 0.102083 0.760185 0.090104 0.762963 0.090104 0.827778 0.096875 0.827778 0.100521 0.822222 0.104688 0.822222 0.108333 0.816667 0.112500 0.816667 0.117708 0.808333 0.121875 0.808333 0.122396 0.805556 0.134375 0.797222 0.136458 0.791667 0.139063 0.791667 0.139583 0.788889 0.142187 0.788889 0.142708 0.786111 0.145313 0.786111 0.148958 0.780556 0.153125 0.780556 0.155208 0.775000 0.160938 0.772222 0.163021 0.766667 0.165625 0.766667 0.166146 0.763889 0.171875 0.761111 0.173958 0.755556 0.179688 0.752778 0.181250 0.745370 0.182812 0.744444 0.182812 0.739815 0.184375 0.738889 0.184375 0.729630 0.182812 0.728704 0.182812 0.715741 0.178125 0.706481
2 0.896354 0.593519 0.896354 0.672222 0.965625 0.672222 0.966146 0.661111 0.970313 0.661111 0.970833 0.658333 0.975000 0.658333 0.975521 0.655556 0.981250 0.655556 0.981771 0.652778 0.990625 0.652778 0.991146 0.650000 0.999479 0.647222 0.999479 0.593519
2 0.865625 0.104630 0.830729 0.104630 0.830729 0.114815 0.827083 0.121296 0.824479 0.121296 0.820833 0.129630 0.802604 0.143519 0.795833 0.154630 0.791667 0.154630 0.791146 0.157407 0.772917 0.171296 0.770833 0.176852 0.766667 0.176852 0.766146 0.179630 0.760417 0.182407 0.758333 0.187963 0.752604 0.187963 0.752604 0.238889 0.767188 0.241667 0.777083 0.230556 0.785937 0.227778 0.788021 0.222222 0.801562 0.216667 0.808333 0.208333 0.818750 0.205556 0.820833 0.200000 0.828125 0.197222 0.833333 0.186111 0.846875 0.177778 0.850000 0.172222 0.850000 0.162037 0.851562 0.161111 0.851562 0.153704 0.853646 0.150000 0.854167 0.152778 0.865625 0.152778
2 0.856250 0.393519 0.802604 0.393519 0.802083 0.404630 0.790104 0.404630 0.789583 0.407407 0.782292 0.407407 0.781771 0.410185 0.754167 0.410185 0.747396 0.415741 0.735417 0.415741 0.723958 0.426852 0.696354 0.432407 0.696354 0.483333 0.726562 0.483333 0.727083 0.472222 0.735938 0.469444 0.736458 0.466667 0.746875 0.466667 0.747396 0.463889 0.854688 0.463889 0.854688 0.459259 0.857812 0.455556
2 0.177604 0.515741 0.177604 0.558333 0.186458 0.558333 0.186979 0.561111 0.231250 0.558333 0.231771 0.555556 0.254688 0.552778 0.255208 0.550000 0.293750 0.550000 0.294271 0.547222 0.301563 0.547222 0.302083 0.544444 0.315625 0.544444 0.315625 0.515741
2 0.002604 0.226852 0.002604 0.302778 0.020833 0.305556 0.032292 0.313889 0.053646 0.319444 0.067708 0.327778 0.074479 0.336111 0.097396 0.347222 0.099479 0.350926 0.099479 0.361111 0.153125 0.361111 0.153125 0.318519 0.138542 0.315741 0.128646 0.324074 0.117708 0.324074 0.117188 0.318519 0.109375 0.306481 0.109375 0.293519 0.103125 0.279630 0.097396 0.279630 0.093750 0.274074 0.078646 0.268519 0.071875 0.260185 0.056771 0.254630 0.037500 0.237963 0.023958 0.235185 0.010937 0.226852
2 0.896354 0.449074 0.896354 0.527778 0.987500 0.527778 0.988021 0.516667 0.995313 0.516667 0.995833 0.513889 0.999479 0.513889 0.999479 0.449074
2 0.318750 0.737963 0.301042 0.737963 0.301042 0.748148 0.295833 0.757407 0.291667 0.757407 0.291146 0.760185 0.269792 0.760185 0.269271 0.762963 0.260417 0.762963 0.259896 0.765741 0.255729 0.765741 0.255208 0.768519 0.213542 0.768519 0.213021 0.771296 0.196354 0.771296 0.196354 0.802778 0.214583 0.802778 0.215104 0.805556 0.219792 0.806481 0.219792 0.816667 0.223438 0.816667 0.223438 0.806481 0.226562 0.805556 0.227083 0.802778 0.230729 0.806481 0.230729 0.816667 0.253125 0.816667 0.253125 0.806481 0.254688 0.805556 0.255208 0.800000 0.287500 0.800000 0.288021 0.797222 0.293750 0.797222 0.297396 0.788889 0.303125 0.786111 0.308333 0.775000 0.310937 0.775000 0.317188 0.763889 0.317188 0.759259 0.318750 0.758333
2 0.183854 0.549074 0.183854 0.597222 0.198437 0.597222 0.198958 0.594444 0.212500 0.594444 0.213021 0.591667 0.226562 0.591667 0.227083 0.588889 0.270313 0.588889 0.270833 0.586111 0.293750 0.586111 0.294271 0.583333 0.298438 0.583333 0.298438 0.579630 0.295312 0.575926 0.295312 0.571296 0.290625 0.562963 0.287500 0.562037 0.287500 0.549074
2 0.259375 0.826852 0.241667 0.826852 0.241667 0.839815 0.230208 0.860185 0.227604 0.860185 0.223958 0.868519 0.221354 0.868519 0.216146 0.879630 0.213542 0.879630 0.213021 0.882407 0.210417 0.882407 0.209896 0.885185 0.204167 0.885185 0.203646 0.887963 0.196354 0.887963 0.196354 0.950000 0.209375 0.950000 0.209375 0.937037 0.210938 0.936111 0.210938 0.931481 0.213021 0.927778 0.215625 0.927778 0.217188 0.925000 0.217188 0.920370 0.223958 0.908333 0.229687 0.905556 0.237500 0.891667 0.238021 0.886111 0.240625 0.886111 0.245833 0.875000 0.248438 0.875000 0.250521 0.869444 0.253125 0.869444 0.253646 0.866667 0.259375 0.866667
2 0.896354 0.515741 0.896354 0.616667 0.906250 0.616667 0.906250 0.606481 0.909375 0.605556 0.909896 0.602778 0.943750 0.602778 0.944271 0.600000 0.948438 0.600000 0.953646 0.594444 0.975521 0.594444 0.976042 0.616667 0.999479 0.616667 0.999479 0.515741 0.968229 0.515741 0.967708 0.526852 0.958854 0.526852 0.958333 0.529630 0.916146 0.529630 0.915625 0.526852 0.905208 0.526852 0.904687 0.515741
2 0.000000 0.626852 0.000000 0.725000 0.007812 0.725000 0.008333 0.722222 0.018750 0.719444 0.019271 0.716667 0.040625 0.716667 0.041146 0.713889 0.046875 0.713889 0.047396 0.711111 0.050000 0.711111 0.053646 0.705556 0.062500 0.702778 0.066146 0.697222 0.071875 0.697222 0.072396 0.694444 0.082812 0.694444 0.083333 0.691667 0.096875 0.691667 0.096875 0.626852 0.079167 0.626852 0.078646 0.637963 0.076563 0.637037 0.076563 0.626852
2 0.183854 0.705556 0.242188 0.705556 0.242188 0.685185 0.235937 0.676852 0.217708 0.676852 0.217188 0.674074 0.213021 0.674074 0.213021 0.669444 0.216146 0.666667 0.257812 0.663889 0.258333 0.661111 0.268750 0.661111 0.273958 0.655556 0.300000 0.650000 0.300521 0.647222 0.309375 0.644444 0.312500 0.638889 0.314063 0.615741 0.227604 0.615741 0.227083 0.626852 0.183854 0.635185 0.183854 0.661111 0.190104 0.662037 0.183854 0.662963
2 0.233854 0.515741 0.233854 0.555556 0.248438 0.555556 0.248958 0.552778 0.264062 0.552778 0.264583 0.550000 0.275521 0.550000 0.276042 0.552778 0.279687 0.552778 0.280208 0.550000 0.295312 0.550000 0.295833 0.547222 0.306250 0.547222 0.306771 0.544444 0.312500 0.544444 0.312500 0.542593 0.314063 0.541667 0.314063 0.515741
2 0.183854 0.727778 0.220312 0.727778 0.220312 0.715741 0.214062 0.707407 0.209375 0.706481 0.209896 0.702778 0.215625 0.702778 0.216146 0.700000 0.245312 0.697222 0.245833 0.694444 0.262500 0.694444 0.263021 0.691667 0.275000 0.691667 0.275521 0.688889 0.285938 0.688889 0.286458 0.686111 0.298438 0.686111 0.298958 0.683333 0.303125 0.683333 0.312500 0.672222 0.312500 0.667593 0.314063 0.666667 0.314063 0.649074 0.213542 0.649074 0.213021 0.660185 0.196354 0.660185 0.189583 0.668519 0.183854 0.668519
2 0.002604 0.293519 0.002604 0.386111 0.033333 0.388889 0.033854 0.391667 0.044271 0.394444 0.044792 0.397222 0.059896 0.397222 0.060417 0.400000 0.075000 0.400000 0.075521 0.397222 0.089063 0.394444 0.089583 0.391667 0.094271 0.391667 0.094792 0.394444 0.109375 0.394444 0.109375 0.351852 0.102083 0.351852 0.098437 0.346296 0.080208 0.340741 0.079687 0.337963 0.077083 0.337963 0.073438 0.332407 0.069271 0.332407 0.068750 0.329630 0.066146 0.329630 0.065625 0.326852 0.063021 0.326852 0.059375 0.321296 0.042708 0.318519 0.042188 0.315741 0.034896 0.312963 0.034375 0.310185 0.019271 0.307407 0.017188 0.303704 0.017188 0.293519
2 0.702604 0.438889 0.715625 0.438889 0.715625 0.428704 0.719271 0.422222 0.739062 0.416667 0.739583 0.411111 0.747396 0.405556 0.784375 0.408333 0.803646 0.400000 0.859375 0.388889 0.859375 0.315741 0.827604 0.315741 0.827604 0.325926 0.819271 0.332407 0.761979 0.349074 0.759896 0.354630 0.757812 0.353704 0.757812 0.315741 0.729167 0.315741 0.729167 0.325926 0.725521 0.332407 0.718229 0.335185 0.709896 0.346296 0.702604 0.346296 0.702604 0.363889 0.711458 0.363889 0.724479 0.373148 0.714583 0.379630 0.702604 0.379630
2 0.183854 0.636111 0.193750 0.636111 0.194271 0.633333 0.214062 0.630556 0.214583 0.627778 0.226562 0.627778 0.227083 0.625000 0.260937 0.625000 0.261458 0.622222 0.275000 0.622222 0.275521 0.619444 0.295312 0.619444 0.295833 0.616667 0.298438 0.616667 0.303125 0.608333 0.303125 0.604630 0.301563 0.601852 0.297396 0.601852 0.296875 0.599074 0.289583 0.596296 0.287500 0.592593 0.287500 0.582407 0.183854 0.582407
2 0.902604 0.715741 0.902604 0.827778 0.929688 0.827778 0.931250 0.812037 0.938021 0.800000 0.950521 0.800000 0.951042 0.802778 0.959896 0.802778 0.960417 0.805556 0.975521 0.808333 0.976042 0.811111 0.996875 0.811111 0.997396 0.808333 0.999479 0.808333 0.999479 0.715741 0.979167 0.715741 0.979167 0.725926 0.974479 0.726852 0.973958 0.729630 0.952604 0.726852 0.952083 0.729630 0.947917 0.729630 0.947396 0.732407 0.924479 0.735185 0.923958 0.737963 0.920312 0.737037 0.918750 0.715741
2 0.758854 0.241667 0.767188 0.241667 0.791146 0.219444 0.818750 0.205556 0.833333 0.186111 0.848437 0.177778 0.853646 0.158333 0.857292 0.172222 0.860938 0.172222 0.864583 0.152778 0.877083 0.155556 0.883854 0.166667 0.913542 0.175000 0.940625 0.175000 0.999479 0.158333 0.999479 0.096296 0.947396 0.107407 0.884896 0.110185 0.875000 0.100926 0.873437 0.082407 0.846354 0.082407 0.846354 0.095370 0.820833 0.129630 0.770833 0.176852 0.758854 0.179630
2 0.002604 0.999074 0.170313 0.999074 0.173958 0.988889 0.182812 0.983333 0.192188 0.969444 0.195312 0.952778 0.195312 0.915741 0.180729 0.915741 0.180729 0.928704 0.158333 0.954630 0.153125 0.950926 0.151562 0.932407 0.143229 0.929630 0.128646 0.946296 0.108854 0.954630 0.097396 0.965741 0.095312 0.964815 0.093750 0.915741 0.071354 0.915741 0.071354 0.925926 0.064583 0.937963 0.046354 0.951852 0.020833 0.979630 0.002604 0.982407
2 0.177604 0.515741 0.177604 0.558333 0.184896 0.558333 0.185417 0.561111 0.207813 0.561111 0.208333 0.558333 0.234375 0.558333 0.234896 0.555556 0.245312 0.555556 0.245833 0.552778 0.257812 0.552778 0.258333 0.550000 0.284375 0.550000 0.284375 0.515741
2 0.317188 0.749074 0.286979 0.749074 0.286458 0.760185 0.269792 0.760185 0.269271 0.762963 0.260417 0.762963 0.259896 0.765741 0.254167 0.765741 0.253646 0.768519 0.210417 0.768519 0.209896 0.771296 0.201042 0.771296 0.195833 0.782407 0.190104 0.782407 0.190104 0.802778 0.219271 0.805556 0.219792 0.816667 0.223438 0.816667 0.223958 0.805556 0.230208 0.802778 0.230729 0.805556 0.241146 0.805556 0.241667 0.816667 0.253125 0.816667 0.253646 0.800000 0.284375 0.800000 0.284896 0.797222 0.292187 0.797222 0.292708 0.794444 0.295312 0.794444 0.298958 0.786111 0.304688 0.783333 0.308333 0.775000 0.312500 0.772222 0.313021 0.766667 0.317188 0.763889
2 0.177604 0.683333 0.200000 0.683333 0.200000 0.673148 0.202083 0.669444 0.204687 0.669444 0.205208 0.666667 0.210938 0.666667 0.211458 0.663889 0.250000 0.661111 0.250521 0.658333 0.264062 0.658333 0.264583 0.655556 0.270313 0.655556 0.270833 0.652778 0.282813 0.652778 0.283333 0.650000 0.292187 0.650000 0.292708 0.647222 0.303125 0.647222 0.303125 0.615741 0.227604 0.615741 0.227083 0.626852 0.186979 0.635185 0.183333 0.640741 0.177604 0.640741
2 0.999479 0.662963 0.995833 0.662963 0.993750 0.654630 0.981771 0.654630 0.981250 0.651852 0.976042 0.651852 0.974479 0.659259 0.969271 0.668519 0.966667 0.668519 0.965104 0.675000 0.968229 0.680556 0.978646 0.680556 0.978646 0.682407 0.956771 0.682407 0.956250 0.679630 0.952083 0.679630 0.951562 0.676852 0.943229 0.676852 0.942708 0.679630 0.930729 0.682407 0.927083 0.687963 0.918229 0.690741 0.917708 0.693519 0.915104 0.693519 0.914583 0.696296 0.911979 0.696296 0.908333 0.701852 0.902604 0.701852 0.902604 0.750000 0.946875 0.750000 0.947396 0.738889 0.968750 0.736111 0.972396 0.730556 0.978125 0.730556 0.978646 0.727778 0.992188 0.727778 0.992708 0.725000 0.999479 0.725000
2 0.702604 0.460185 0.702604 0.522222 0.769271 0.525000 0.788542 0.539815 0.776042 0.540741 0.772396 0.546296 0.759375 0.535185 0.702604 0.540741 0.702604 0.561111 0.756771 0.572222 0.778646 0.583333 0.779167 0.594444 0.857812 0.594444 0.859375 0.562963 0.856250 0.539815 0.859896 0.530556 0.865625 0.530556 0.865625 0.479630 0.859375 0.478704 0.859375 0.460185 0.747917 0.460185 0.747396 0.471296 0.742188 0.470370 0.742188 0.460185
2 0.203125 0.815741 0.174479 0.815741 0.174479 0.825926 0.170833 0.832407 0.168229 0.832407 0.166146 0.837963 0.163542 0.837963 0.152083 0.854630 0.143229 0.860185 0.138021 0.868519 0.126042 0.874074 0.123958 0.879630 0.119792 0.879630 0.119271 0.882407 0.113542 0.885185 0.111458 0.890741 0.107292 0.890741 0.106771 0.893519 0.102604 0.893519 0.102083 0.896296 0.096354 0.899074 0.094792 0.901852 0.094792 0.920370 0.093229 0.921296 0.096354 0.952778 0.099479 0.958333 0.106250 0.958333 0.106771 0.955556 0.115625 0.952778 0.116146 0.950000 0.128125 0.941667 0.130208 0.936111 0.132812 0.936111 0.139583 0.927778 0.145313 0.927778 0.145833 0.925000 0.151042 0.931481 0.151042 0.936111 0.155729 0.944444 0.164062 0.944444 0.164583 0.941667 0.168750 0.941667 0.173958 0.933333 0.179688 0.930556 0.184896 0.919444 0.192188 0.916667 0.195312 0.911111 0.195312 0.884259 0.197396 0.877778 0.203125 0.877778
2 0.752604 0.405556 0.759896 0.405556 0.760417 0.408333 0.784375 0.408333 0.784896 0.405556 0.796875 0.405556 0.797396 0.402778 0.803125 0.402778 0.803646 0.400000 0.812500 0.400000 0.813021 0.397222 0.829688 0.397222 0.830208 0.394444 0.842187 0.394444 0.842708 0.391667 0.850000 0.391667 0.850521 0.388889 0.859375 0.388889 0.859375 0.326852 0.797917 0.326852 0.797396 0.337963 0.793229 0.337963 0.792708 0.340741 0.788542 0.340741 0.788021 0.343519 0.782292 0.343519 0.781771 0.346296 0.761979 0.349074 0.761979 0.353704 0.760417 0.354630 0.760417 0.388889 0.761979 0.389815 0.761979 0.395370 0.758333 0.401852 0.752604 0.401852
