2 0.002604 0.149074 0.002604 0.208333 0.011458 0.208333 0.025521 0.216667 0.026042 0.227778 0.030729 0.237037 0.027604 0.250000 0.033854 0.261111 0.044271 0.263889 0.052604 0.272222 0.092708 0.286111 0.108854 0.297222 0.123958 0.300000 0.127604 0.305556 0.133333 0.305556 0.138542 0.311111 0.153125 0.311111 0.153125 0.260185 0.147396 0.260185 0.142187 0.246296 0.136458 0.243519 0.131250 0.235185 0.119271 0.232407 0.110937 0.224074 0.098958 0.221296 0.090625 0.212963 0.078646 0.210185 0.075000 0.204630 0.031771 0.182407 0.012500 0.159259 0.012500 0.149074
2 0.171354 0.694444 0.179688 0.694444 0.179688 0.684259 0.181771 0.680556 0.185938 0.680556 0.186458 0.677778 0.190625 0.677778 0.191146 0.675000 0.198437 0.675000 0.198958 0.672222 0.203125 0.672222 0.203646 0.669444 0.206250 0.669444 0.209896 0.663889 0.221875 0.661111 0.223958 0.655556 0.228125 0.655556 0.228646 0.652778 0.232813 0.652778 0.233333 0.650000 0.242188 0.650000 0.242708 0.647222 0.246875 0.647222 0.247396 0.644444 0.265625 0.641667 0.265625 0.593519 0.171354 0.593519
2 0.033854 0.752778 0.054688 0.750000 0.058333 0.744444 0.071875 0.738889 0.072396 0.736111 0.075000 0.736111 0.078646 0.730556 0.082812 0.730556 0.083333 0.727778 0.090625 0.727778 0.098958 0.719444 0.117188 0.716667 0.117708 0.713889 0.121875 0.713889 0.127083 0.708333 0.137500 0.705556 0.145833 0.697222 0.159375 0.694444 0.159375 0.637963 0.033854 0.637963
2 0.165104 0.549074 0.165104 0.627778 0.193750 0.627778 0.194271 0.616667 0.216146 0.616667 0.216667 0.627778 0.278125 0.627778 0.278125 0.549074
2 0.265625 0.693519 0.238542 0.693519 0.238542 0.703704 0.236458 0.707407 0.232292 0.707407 0.230208 0.712963 0.227604 0.712963 0.223958 0.718519 0.215104 0.721296 0.214583 0.724074 0.211979 0.724074 0.208333 0.729630 0.204167 0.729630 0.203646 0.732407 0.201042 0.732407 0.200521 0.735185 0.197917 0.735185 0.194271 0.740741 0.190104 0.740741 0.189583 0.743519 0.185417 0.743519 0.184896 0.746296 0.177604 0.746296 0.177604 0.816667 0.184375 0.816667 0.184375 0.806481 0.186458 0.802778 0.189062 0.802778 0.191146 0.797222 0.198437 0.794444 0.200521 0.788889 0.203125 0.788889 0.206771 0.783333 0.210938 0.783333 0.213021 0.777778 0.215625 0.777778 0.216146 0.775000 0.218750 0.775000 0.219271 0.772222 0.221875 0.772222 0.222396 0.769444 0.225000 0.769444 0.225521 0.766667 0.228125 0.766667 0.228646 0.763889 0.231250 0.763889 0.231771 0.761111 0.234375 0.761111 0.238021 0.755556 0.242188 0.755556 0.245833 0.750000 0.254688 0.747222 0.258333 0.741667 0.265625 0.741667
2 0.000000 0.571296 0.000000 0.602778 0.012500 0.602778 0.014583 0.594444 0.021354 0.595370 0.016667 0.599074 0.016146 0.604630 0.000000 0.607407 0.000000 0.683333 0.025000 0.680556 0.044271 0.669444 0.062500 0.666667 0.064583 0.661111 0.079687 0.658333 0.097396 0.647222 0.120313 0.647222 0.127083 0.638889 0.159375 0.630556 0.159375 0.571296 0.099479 0.571296 0.098958 0.582407 0.070833 0.585185 0.068750 0.571296
2 0.000000 0.426852 0.000000 0.505556 0.025521 0.505556 0.026042 0.516667 0.028125 0.516667 0.028646 0.505556 0.042188 0.505556 0.042708 0.502778 0.138021 0.502778 0.138542 0.505556 0.143750 0.505556 0.147396 0.500000 0.153125 0.500000 0.153125 0.482407 0.146875 0.481481 0.143750 0.426852
2 0.159375 0.693519 0.136979 0.693519 0.136979 0.703704 0.127083 0.712963 0.091667 0.724074 0.084896 0.732407 0.071354 0.737963 0.063021 0.746296 0.057292 0.746296 0.056771 0.749074 0.052604 0.749074 0.042708 0.757407 0.033854 0.757407 0.033854 0.844444 0.040625 0.844444 0.055208 0.830556 0.065625 0.827778 0.069271 0.819444 0.081771 0.808333 0.090625 0.805556 0.102083 0.794444 0.107813 0.794444 0.117708 0.786111 0.128125 0.783333 0.153646 0.758333 0.159375 0.758333
2 0.000000 0.226852 0.000000 0.322222 0.005208 0.322222 0.005729 0.325000 0.020833 0.330556 0.021354 0.333333 0.036458 0.338889 0.036979 0.341667 0.056771 0.344444 0.060417 0.350000 0.067708 0.350000 0.068229 0.352778 0.098437 0.352778 0.101562 0.350000 0.101562 0.346296 0.097396 0.346296 0.095312 0.340741 0.092188 0.339815 0.092188 0.328704 0.095833 0.319444 0.103125 0.319444 0.109896 0.308333 0.123958 0.311111 0.126042 0.316667 0.131250 0.316667 0.129688 0.301852 0.125521 0.301852 0.125000 0.299074 0.109896 0.301852 0.100000 0.290741 0.084896 0.287963 0.071875 0.276852 0.053646 0.274074 0.050000 0.268519 0.039583 0.265741 0.029687 0.254630 0.025521 0.254630 0.021875 0.249074 0.011458 0.243519 0.007812 0.237037 0.007812 0.226852
2 0.315625 0.749074 0.290104 0.749074 0.290104 0.759259 0.288542 0.760185 0.286458 0.765741 0.283854 0.765741 0.283333 0.768519 0.280729 0.768519 0.280208 0.771296 0.277604 0.771296 0.277083 0.774074 0.272917 0.774074 0.272396 0.776852 0.265104 0.776852 0.265104 0.838889 0.273438 0.838889 0.273438 0.828704 0.276562 0.827778 0.276562 0.825926 0.278125 0.825000 0.280208 0.819444 0.282813 0.819444 0.282813 0.817593 0.284375 0.816667 0.284375 0.814815 0.285938 0.813889 0.288021 0.808333 0.290625 0.808333 0.290625 0.806481 0.292187 0.805556 0.292187 0.803704 0.293750 0.802778 0.295833 0.797222 0.298438 0.797222 0.298958 0.794444 0.301563 0.794444 0.302083 0.791667 0.306250 0.791667 0.308333 0.786111 0.315625 0.786111
2 0.257812 0.649074 0.219792 0.649074 0.219792 0.659259 0.217708 0.662963 0.205729 0.665741 0.205208 0.668519 0.202604 0.668519 0.202083 0.671296 0.197917 0.671296 0.197396 0.674074 0.193229 0.674074 0.192708 0.676852 0.177604 0.679630 0.177604 0.750000 0.192188 0.750000 0.192188 0.739815 0.194271 0.736111 0.196875 0.736111 0.197396 0.733333 0.200000 0.733333 0.200521 0.730556 0.204687 0.730556 0.205208 0.727778 0.209375 0.727778 0.209896 0.725000 0.212500 0.725000 0.213021 0.722222 0.215625 0.722222 0.216146 0.719444 0.225000 0.716667 0.225521 0.713889 0.228125 0.713889 0.228646 0.711111 0.231250 0.711111 0.231771 0.708333 0.234375 0.708333 0.234896 0.705556 0.237500 0.705556 0.238021 0.702778 0.240625 0.702778 0.241146 0.700000 0.243750 0.700000 0.244271 0.697222 0.256250 0.694444 0.259375 0.688889 0.259375 0.676852 0.257812 0.675926
2 0.002604 0.315741 0.002604 0.411111 0.009896 0.411111 0.010417 0.413889 0.014583 0.413889 0.024479 0.422222 0.052083 0.425000 0.052604 0.427778 0.094271 0.427778 0.094792 0.430556 0.143750 0.430556 0.145313 0.427778 0.143750 0.379630 0.142187 0.374074 0.139063 0.373148 0.139063 0.368519 0.135937 0.362963 0.108333 0.362963 0.107813 0.360185 0.097396 0.360185 0.096875 0.357407 0.069271 0.354630 0.068750 0.351852 0.063021 0.351852 0.056250 0.346296 0.038021 0.343519 0.032813 0.337963 0.020833 0.335185 0.012500 0.325926 0.012500 0.315741
2 0.265625 0.749074 0.233854 0.749074 0.233854 0.759259 0.230208 0.765741 0.224479 0.768519 0.222396 0.774074 0.219792 0.774074 0.216146 0.779630 0.208854 0.782407 0.206771 0.787963 0.204167 0.787963 0.203646 0.790741 0.194792 0.796296 0.192708 0.801852 0.190104 0.801852 0.189583 0.804630 0.186979 0.804630 0.183333 0.810185 0.177604 0.810185 0.177604 0.869444 0.184375 0.869444 0.188021 0.863889 0.192188 0.863889 0.194271 0.858333 0.198437 0.858333 0.198958 0.855556 0.207813 0.850000 0.209896 0.844444 0.212500 0.844444 0.219271 0.833333 0.225000 0.830556 0.233333 0.813889 0.240625 0.811111 0.241146 0.808333 0.243750 0.808333 0.247396 0.802778 0.253125 0.802778 0.253646 0.800000 0.262500 0.794444 0.265625 0.788889 0.266146 0.783333 0.271875 0.783333 0.271875 0.765741 0.265625 0.764815
2 0.071354 0.004630 0.071354 0.019444 0.077083 0.019444 0.079167 0.025000 0.084896 0.027778 0.088542 0.036111 0.091146 0.036111 0.093229 0.041667 0.095833 0.041667 0.096354 0.044444 0.102083 0.047222 0.104167 0.052778 0.109896 0.055556 0.111979 0.061111 0.114583 0.061111 0.115104 0.063889 0.120833 0.066667 0.122917 0.072222 0.128646 0.075000 0.132292 0.083333 0.138021 0.086111 0.140104 0.091667 0.146875 0.091667 0.146875 0.026852 0.141146 0.026852 0.137500 0.018519 0.133333 0.018519 0.132812 0.015741 0.131250 0.014815 0.131250 0.004630
2 0.165104 0.493519 0.165104 0.572222 0.207813 0.572222 0.208333 0.561111 0.234896 0.561111 0.235417 0.572222 0.257812 0.572222 0.258333 0.550000 0.278125 0.550000 0.278125 0.493519
2 0.340625 0.660185 0.291667 0.660185 0.291667 0.670370 0.289583 0.674074 0.286979 0.674074 0.286458 0.676852 0.283854 0.676852 0.283333 0.679630 0.274479 0.679630 0.273958 0.682407 0.267708 0.682407 0.267188 0.679630 0.258854 0.679630 0.258854 0.738889 0.275000 0.738889 0.275521 0.727778 0.278125 0.727778 0.278646 0.725000 0.282813 0.725000 0.283333 0.722222 0.285938 0.722222 0.286458 0.719444 0.289062 0.719444 0.289583 0.716667 0.293750 0.716667 0.294271 0.713889 0.296875 0.713889 0.297396 0.711111 0.300000 0.711111 0.300521 0.708333 0.306250 0.705556 0.308333 0.700000 0.310937 0.700000 0.313021 0.694444 0.315625 0.694444 0.319271 0.686111 0.321875 0.686111 0.322396 0.683333 0.328125 0.683333 0.328646 0.680556 0.340625 0.680556
2 0.315625 0.782407 0.299479 0.782407 0.299479 0.795370 0.297917 0.796296 0.297917 0.798148 0.296354 0.799074 0.296354 0.800926 0.294792 0.801852 0.292708 0.807407 0.290104 0.807407 0.290104 0.809259 0.288542 0.810185 0.288542 0.812037 0.286979 0.812963 0.284896 0.818519 0.282292 0.818519 0.282292 0.820370 0.280729 0.821296 0.278646 0.826852 0.272917 0.826852 0.272396 0.829630 0.265104 0.829630 0.265104 0.883333 0.278125 0.883333 0.278125 0.870370 0.279687 0.869444 0.279687 0.867593 0.281250 0.866667 0.283333 0.861111 0.284375 0.861111 0.284375 0.856481 0.285938 0.855556 0.288021 0.850000 0.290625 0.850000 0.291146 0.847222 0.293750 0.847222 0.295833 0.841667 0.298438 0.841667 0.298438 0.837037 0.300000 0.836111 0.300000 0.834259 0.301563 0.833333 0.301563 0.831481 0.303125 0.830556 0.303125 0.828704 0.304688 0.827778 0.304688 0.825926 0.306250 0.825000 0.308333 0.819444 0.315625 0.819444
2 0.258854 0.596296 0.258854 0.636111 0.264583 0.636111 0.265104 0.638889 0.266667 0.639815 0.266667 0.650000 0.275000 0.650000 0.275000 0.639815 0.278125 0.638889 0.278646 0.636111 0.282813 0.636111 0.283333 0.633333 0.289062 0.633333 0.289583 0.630556 0.293750 0.630556 0.294271 0.627778 0.296875 0.627778 0.297396 0.625000 0.301563 0.625000 0.302083 0.622222 0.306250 0.622222 0.306771 0.619444 0.309375 0.619444 0.309896 0.616667 0.315625 0.616667 0.315625 0.582407 0.266667 0.582407 0.266667 0.592593 0.265104 0.593519 0.264583 0.596296
2 0.258854 0.683333 0.268750 0.683333 0.269271 0.680556 0.276562 0.680556 0.277083 0.677778 0.281250 0.677778 0.281771 0.675000 0.289062 0.675000 0.289583 0.672222 0.292187 0.672222 0.292187 0.670370 0.293750 0.669444 0.294271 0.666667 0.296875 0.666667 0.297396 0.663889 0.301563 0.663889 0.302083 0.661111 0.304688 0.661111 0.304688 0.659259 0.306250 0.658333 0.306771 0.655556 0.309375 0.655556 0.309896 0.652778 0.315625 0.652778 0.315625 0.615741 0.268229 0.615741 0.268229 0.627778 0.269792 0.628704 0.269792 0.637037 0.266667 0.637963 0.266146 0.640741 0.258854 0.640741
2 0.000000 0.504630 0.000000 0.600000 0.011458 0.594444 0.053125 0.591667 0.073958 0.580556 0.113021 0.577778 0.119792 0.581481 0.108333 0.593519 0.033854 0.601852 0.032292 0.616667 0.159375 0.616667 0.159375 0.549074 0.153125 0.548148 0.151562 0.504630
2 0.271875 0.849074 0.244792 0.849074 0.244792 0.862037 0.238021 0.874074 0.235417 0.874074 0.233333 0.879630 0.230729 0.879630 0.225521 0.890741 0.222917 0.890741 0.219271 0.899074 0.216667 0.899074 0.213021 0.907407 0.210417 0.907407 0.208333 0.912963 0.205729 0.912963 0.202083 0.918519 0.193229 0.921296 0.189583 0.926852 0.177604 0.929630 0.177604 0.994444 0.187500 0.994444 0.187500 0.984259 0.190625 0.983333 0.195833 0.975000 0.198437 0.975000 0.209896 0.952778 0.212500 0.952778 0.217708 0.944444 0.221875 0.944444 0.222396 0.941667 0.228125 0.938889 0.230208 0.933333 0.235937 0.930556 0.241146 0.919444 0.243750 0.919444 0.243750 0.914815 0.247396 0.908333 0.250000 0.908333 0.253646 0.902778 0.257812 0.902778 0.258333 0.900000 0.264062 0.897222 0.266146 0.891667 0.271875 0.891667
2 0.021354 0.349074 0.021354 0.425000 0.039583 0.425000 0.040104 0.427778 0.075521 0.427778 0.076042 0.430556 0.133333 0.430556 0.133854 0.433333 0.142187 0.433333 0.142708 0.430556 0.145313 0.430556 0.145313 0.379630 0.134375 0.365741 0.114583 0.365741 0.114062 0.362963 0.105208 0.362963 0.104688 0.360185 0.100000 0.359259 0.100000 0.349074
2 0.271875 0.793519 0.240104 0.793519 0.240104 0.803704 0.238021 0.807407 0.235417 0.807407 0.233333 0.812963 0.230729 0.812963 0.220833 0.832407 0.218229 0.832407 0.216146 0.837963 0.213542 0.837963 0.211458 0.843519 0.208854 0.843519 0.206771 0.849074 0.201042 0.851852 0.198958 0.857407 0.196354 0.857407 0.195833 0.860185 0.191667 0.860185 0.191146 0.862963 0.183854 0.862963 0.183854 0.919444 0.196875 0.919444 0.197396 0.916667 0.203125 0.913889 0.206771 0.905556 0.209375 0.905556 0.213021 0.897222 0.215625 0.897222 0.220833 0.886111 0.226562 0.883333 0.230208 0.875000 0.234375 0.875000 0.247396 0.850000 0.251563 0.850000 0.252083 0.847222 0.260937 0.841667 0.262500 0.838889 0.264062 0.820370 0.266146 0.816667 0.271875 0.816667
2 0.340625 0.693519 0.302604 0.693519 0.302604 0.703704 0.300521 0.707407 0.297917 0.707407 0.297396 0.710185 0.294792 0.710185 0.292708 0.715741 0.290104 0.715741 0.289583 0.718519 0.285417 0.718519 0.284896 0.721296 0.282292 0.721296 0.281771 0.724074 0.279167 0.724074 0.278646 0.726852 0.274479 0.726852 0.273958 0.729630 0.258854 0.729630 0.258854 0.777778 0.278125 0.777778 0.283333 0.766667 0.292187 0.763889 0.295833 0.755556 0.298438 0.755556 0.298958 0.752778 0.303125 0.752778 0.303646 0.750000 0.307812 0.750000 0.308333 0.747222 0.313021 0.747222 0.313542 0.750000 0.317188 0.750000 0.317708 0.747222 0.323437 0.747222 0.323958 0.744444 0.331250 0.744444 0.331771 0.741667 0.340625 0.741667 0.340625 0.732407 0.333333 0.732407 0.331250 0.728704 0.333333 0.722222 0.340625 0.722222
2 0.002604 0.004630 0.002604 0.041667 0.017708 0.044444 0.036979 0.063889 0.047396 0.069444 0.049479 0.075000 0.061979 0.086111 0.067708 0.086111 0.076042 0.097222 0.080208 0.097222 0.085417 0.105556 0.092708 0.108333 0.101042 0.119444 0.116667 0.133333 0.120833 0.133333 0.124479 0.138889 0.146875 0.141667 0.146875 0.090741 0.141146 0.090741 0.140625 0.087963 0.136458 0.087963 0.134375 0.082407 0.125521 0.079630 0.121875 0.071296 0.114583 0.068519 0.107813 0.054630 0.095833 0.046296 0.087500 0.029630 0.084896 0.029630 0.079687 0.018519 0.076563 0.017593 0.076563 0.004630
2 0.158854 0.260185 0.158854 0.333333 0.197396 0.330556 0.208854 0.338889 0.228646 0.341667 0.235417 0.350000 0.241146 0.350000 0.241667 0.352778 0.256771 0.355556 0.263542 0.363889 0.269271 0.363889 0.269792 0.366667 0.277083 0.369444 0.279167 0.373148 0.279167 0.383333 0.303125 0.383333 0.303125 0.343519 0.297396 0.343519 0.293750 0.335185 0.281771 0.326852 0.279687 0.321296 0.272396 0.318519 0.270313 0.312963 0.252083 0.310185 0.245312 0.301852 0.230208 0.299074 0.223438 0.290741 0.211458 0.287963 0.198437 0.276852 0.186458 0.274074 0.184375 0.270370 0.184375 0.260185
2 0.302604 0.604630 0.302604 0.652778 0.312500 0.652778 0.313021 0.650000 0.317188 0.650000 0.317708 0.647222 0.320312 0.647222 0.320833 0.644444 0.325000 0.644444 0.325521 0.641667 0.332813 0.641667 0.333333 0.638889 0.340625 0.638889 0.340625 0.604630
2 0.258854 0.680556 0.275000 0.680556 0.275521 0.677778 0.279687 0.677778 0.280208 0.675000 0.289062 0.675000 0.289583 0.672222 0.292187 0.672222 0.294271 0.666667 0.296875 0.666667 0.297396 0.663889 0.301563 0.663889 0.302083 0.661111 0.304688 0.661111 0.304688 0.656481 0.307812 0.655556 0.308333 0.652778 0.312500 0.652778 0.313021 0.650000 0.318750 0.650000 0.319271 0.647222 0.321875 0.647222 0.322396 0.644444 0.325000 0.644444 0.325521 0.641667 0.334375 0.641667 0.334896 0.638889 0.340625 0.638889 0.340625 0.604630 0.268229 0.604630 0.268229 0.619444 0.269792 0.620370 0.269792 0.637037 0.267708 0.640741 0.258854 0.640741
2 0.171875 0.837963 0.129167 0.837963 0.129167 0.848148 0.127083 0.851852 0.116667 0.857407 0.109896 0.865741 0.101042 0.868519 0.094271 0.876852 0.090104 0.876852 0.083854 0.882407 0.080208 0.890741 0.076042 0.890741 0.073958 0.896296 0.060417 0.904630 0.056771 0.912963 0.052604 0.912963 0.047396 0.921296 0.036979 0.926852 0.034896 0.932407 0.027604 0.932407 0.027604 0.999074 0.040625 0.999074 0.044271 0.988889 0.051562 0.986111 0.058333 0.977778 0.085938 0.966667 0.092188 0.961111 0.095833 0.952778 0.101562 0.950000 0.114583 0.930556 0.118750 0.930556 0.138021 0.911111 0.153125 0.902778 0.158333 0.891667 0.162500 0.888889 0.166146 0.875000 0.171875 0.875000
2 0.340625 0.649074 0.297917 0.649074 0.297917 0.662037 0.294792 0.662963 0.294271 0.665741 0.291667 0.665741 0.288021 0.674074 0.285417 0.674074 0.284896 0.676852 0.279167 0.676852 0.278646 0.679630 0.265104 0.679630 0.265104 0.727778 0.293750 0.727778 0.294271 0.713889 0.296875 0.713889 0.297396 0.711111 0.300000 0.711111 0.300521 0.708333 0.306250 0.705556 0.308333 0.700000 0.310937 0.700000 0.313021 0.694444 0.315625 0.694444 0.319271 0.686111 0.321875 0.686111 0.322396 0.683333 0.326562 0.683333 0.327083 0.680556 0.334375 0.680556 0.334896 0.677778 0.340625 0.677778
2 0.265104 0.761111 0.296875 0.761111 0.296875 0.746296 0.295312 0.745370 0.295312 0.740741 0.292708 0.740741 0.292187 0.737963 0.285938 0.737037 0.287500 0.736111 0.287500 0.725926 0.291146 0.719444 0.297396 0.719444 0.297917 0.722222 0.312500 0.722222 0.313021 0.719444 0.318750 0.719444 0.319271 0.716667 0.323437 0.716667 0.323958 0.713889 0.326562 0.713889 0.327083 0.711111 0.340625 0.711111 0.340625 0.671296 0.265104 0.671296
2 0.302604 0.671296 0.302604 0.730556 0.310937 0.730556 0.311458 0.727778 0.314063 0.727778 0.314063 0.725926 0.315625 0.725000 0.316146 0.722222 0.318750 0.722222 0.319271 0.719444 0.323437 0.719444 0.323958 0.716667 0.326562 0.716667 0.327083 0.713889 0.331250 0.713889 0.331771 0.711111 0.340625 0.711111 0.340625 0.671296
2 0.165104 0.449074 0.165104 0.502778 0.254688 0.502778 0.255208 0.500000 0.261458 0.500000 0.261979 0.502778 0.294271 0.502778 0.294792 0.505556 0.301042 0.506481 0.301042 0.516667 0.321875 0.516667 0.321875 0.465741 0.306771 0.462963 0.303125 0.459259 0.303125 0.449074
2 0.152604 0.115741 0.152604 0.172222 0.158333 0.172222 0.158854 0.175000 0.161458 0.175000 0.165104 0.180556 0.169271 0.180556 0.169792 0.183333 0.172396 0.183333 0.176042 0.188889 0.180208 0.188889 0.182292 0.194444 0.184896 0.194444 0.185417 0.197222 0.189583 0.197222 0.193229 0.202778 0.197396 0.202778 0.197917 0.205556 0.200521 0.205556 0.201042 0.208333 0.203646 0.208333 0.204167 0.211111 0.206771 0.211111 0.207292 0.213889 0.209896 0.213889 0.210417 0.216667 0.213021 0.216667 0.213542 0.219444 0.216146 0.219444 0.216667 0.222222 0.219271 0.222222 0.219792 0.225000 0.222396 0.225000 0.222917 0.227778 0.231771 0.233333 0.233854 0.238889 0.240625 0.238889 0.240625 0.187963 0.233333 0.187963 0.232813 0.182407 0.223438 0.165741 0.217708 0.162963 0.215625 0.157407 0.211458 0.157407 0.204687 0.146296 0.195833 0.140741 0.193750 0.135185 0.191146 0.135185 0.189062 0.129630 0.186458 0.129630 0.185938 0.115741
2 0.165104 0.582407 0.165104 0.638889 0.265625 0.638889 0.265625 0.599074 0.259375 0.598148 0.259375 0.593519 0.257812 0.592593 0.257812 0.582407
