2 0.383854 0.571296 0.383854 0.591667 0.394792 0.592593 0.394271 0.596296 0.383854 0.596296 0.383854 0.625000 0.396875 0.625000 0.397396 0.622222 0.454688 0.622222 0.455208 0.619444 0.460938 0.619444 0.461458 0.616667 0.467187 0.616667 0.467708 0.613889 0.481250 0.613889 0.481771 0.611111 0.509375 0.608333 0.509375 0.571296
2 0.390625 0.771296 0.321354 0.771296 0.320833 0.782407 0.315104 0.782407 0.314583 0.785185 0.299479 0.785185 0.298958 0.787963 0.285417 0.787963 0.284896 0.790741 0.266146 0.790741 0.259375 0.782407 0.252604 0.782407 0.252604 0.838889 0.303125 0.838889 0.303125 0.828704 0.307812 0.827778 0.308333 0.825000 0.329688 0.825000 0.330208 0.822222 0.343750 0.819444 0.344271 0.816667 0.348438 0.816667 0.352083 0.811111 0.357812 0.811111 0.358333 0.808333 0.358854 0.811111 0.390625 0.808333
2 0.252604 0.660185 0.252604 0.727778 0.262500 0.727778 0.263021 0.725000 0.271875 0.725000 0.272396 0.722222 0.285938 0.722222 0.286458 0.719444 0.295312 0.719444 0.295833 0.716667 0.310937 0.713889 0.311458 0.711111 0.356250 0.711111 0.356771 0.708333 0.364583 0.708333 0.365104 0.711111 0.367188 0.711111 0.367708 0.708333 0.379688 0.705556 0.383333 0.697222 0.390625 0.697222 0.390625 0.660185
2 0.502604 0.593519 0.502604 0.611111 0.508333 0.611111 0.510417 0.614815 0.508333 0.621296 0.502604 0.621296 0.502604 0.638889 0.508333 0.638889 0.513542 0.647222 0.523438 0.647222 0.523958 0.644444 0.555208 0.644444 0.555729 0.647222 0.560937 0.650000 0.563021 0.644444 0.565625 0.644444 0.569271 0.638889 0.609375 0.636111 0.609896 0.633333 0.628125 0.630556 0.628125 0.593519
2 0.502604 0.583333 0.532813 0.583333 0.533333 0.572222 0.564063 0.572222 0.564583 0.569444 0.575000 0.569444 0.575521 0.566667 0.579688 0.566667 0.580208 0.563889 0.584375 0.563889 0.584896 0.561111 0.587500 0.561111 0.587500 0.553704 0.589063 0.552778 0.589063 0.549074 0.587500 0.548148 0.587500 0.543519 0.585938 0.542593 0.585938 0.537963 0.584375 0.537037 0.584375 0.526852 0.502604 0.526852
2 0.383854 0.682407 0.383854 0.722222 0.389583 0.722222 0.393229 0.730556 0.429688 0.730556 0.430208 0.727778 0.450000 0.727778 0.450521 0.725000 0.476562 0.722222 0.477083 0.719444 0.503125 0.719444 0.503646 0.716667 0.515625 0.713889 0.515625 0.682407
2 0.383854 0.658333 0.392188 0.658333 0.392708 0.655556 0.400521 0.655556 0.401042 0.658333 0.404687 0.658333 0.405208 0.655556 0.445312 0.655556 0.445833 0.652778 0.460938 0.652778 0.461458 0.650000 0.478125 0.647222 0.478646 0.644444 0.487500 0.644444 0.488021 0.641667 0.500000 0.641667 0.500521 0.638889 0.503125 0.638889 0.503125 0.635185 0.498437 0.628704 0.498437 0.615741 0.411979 0.615741 0.411979 0.625926 0.407292 0.626852 0.406771 0.629630 0.392708 0.629630 0.392188 0.626852 0.383854 0.626852
2 0.508854 0.671296 0.508854 0.713889 0.520833 0.716667 0.521354 0.727778 0.531250 0.727778 0.531250 0.717593 0.537500 0.716667 0.538021 0.713889 0.593750 0.713889 0.594271 0.711111 0.602083 0.713889 0.604167 0.717593 0.604167 0.727778 0.634375 0.727778 0.634375 0.671296
2 0.246354 0.593519 0.246354 0.644444 0.276562 0.641667 0.277083 0.638889 0.295312 0.638889 0.295833 0.636111 0.321875 0.636111 0.322396 0.633333 0.354687 0.630556 0.355208 0.627778 0.365625 0.627778 0.366146 0.625000 0.384375 0.622222 0.384375 0.593519 0.282292 0.593519 0.282292 0.603704 0.279167 0.604630 0.278646 0.607407 0.255208 0.607407 0.253125 0.603704 0.253125 0.593519
2 0.246354 0.549074 0.246354 0.566667 0.281771 0.563889 0.293229 0.570370 0.280208 0.579630 0.246354 0.582407 0.246354 0.602778 0.302083 0.600000 0.308854 0.603704 0.302083 0.612963 0.246354 0.621296 0.246354 0.638889 0.357812 0.638889 0.358333 0.627778 0.384375 0.619444 0.384375 0.604630 0.378646 0.604630 0.373437 0.595370 0.378646 0.586111 0.384375 0.586111 0.384375 0.549074
2 0.502604 0.482407 0.502604 0.550000 0.567187 0.550000 0.567187 0.539815 0.569271 0.536111 0.571875 0.536111 0.572396 0.533333 0.576562 0.533333 0.577083 0.530556 0.581250 0.530556 0.581771 0.527778 0.590625 0.527778 0.591146 0.525000 0.615625 0.522222 0.618750 0.516667 0.617188 0.499074 0.615625 0.496296 0.613021 0.496296 0.612500 0.493519 0.608333 0.493519 0.607812 0.482407
2 0.083854 0.804630 0.083854 0.861111 0.171875 0.861111 0.172396 0.850000 0.178125 0.850000 0.178646 0.847222 0.184375 0.847222 0.184896 0.844444 0.225000 0.844444 0.225521 0.841667 0.229687 0.841667 0.232813 0.833333 0.232813 0.804630
2 0.502604 0.404630 0.502604 0.458333 0.543750 0.458333 0.544271 0.455556 0.560937 0.455556 0.561458 0.452778 0.584375 0.452778 0.584896 0.450000 0.596875 0.450000 0.597396 0.447222 0.604688 0.444444 0.608333 0.438889 0.621875 0.438889 0.621875 0.435185 0.613021 0.435185 0.612500 0.426852 0.610938 0.424074 0.606771 0.424074 0.606250 0.421296 0.602083 0.421296 0.601562 0.418519 0.594271 0.418519 0.593750 0.415741 0.591146 0.415741 0.590625 0.404630
2 0.002604 0.883333 0.031250 0.883333 0.031771 0.872222 0.035937 0.872222 0.036458 0.869444 0.045312 0.869444 0.045833 0.866667 0.084375 0.866667 0.084896 0.863889 0.089063 0.863889 0.089583 0.861111 0.092188 0.861111 0.095833 0.852778 0.103125 0.852778 0.103125 0.815741 0.027604 0.815741 0.027083 0.826852 0.019792 0.826852 0.019271 0.829630 0.002604 0.829630
2 0.502604 0.560185 0.502604 0.616667 0.548438 0.616667 0.548958 0.605556 0.576562 0.605556 0.577083 0.602778 0.595833 0.602778 0.596354 0.605556 0.599479 0.606481 0.599479 0.616667 0.628125 0.616667 0.628125 0.604630 0.622396 0.604630 0.617188 0.595370 0.617188 0.590741 0.614583 0.590741 0.614062 0.587963 0.608333 0.587963 0.607812 0.585185 0.603646 0.585185 0.603125 0.582407 0.598958 0.582407 0.598437 0.579630 0.592708 0.579630 0.592187 0.576852 0.588021 0.576852 0.587500 0.574074 0.581771 0.574074 0.579688 0.570370 0.579688 0.560185
2 0.496354 0.371296 0.496354 0.425000 0.502083 0.425000 0.502604 0.427778 0.512500 0.427778 0.513021 0.425000 0.535937 0.425000 0.536458 0.422222 0.543750 0.422222 0.544271 0.419444 0.551562 0.419444 0.552083 0.416667 0.590625 0.413889 0.591146 0.411111 0.600000 0.411111 0.600521 0.408333 0.607812 0.408333 0.608333 0.405556 0.621875 0.405556 0.621875 0.382407 0.614583 0.382407 0.614062 0.371296
2 0.390104 0.816667 0.414062 0.816667 0.414583 0.805556 0.417187 0.805556 0.417708 0.802778 0.428125 0.802778 0.428646 0.800000 0.464062 0.800000 0.464583 0.797222 0.476562 0.794444 0.477083 0.791667 0.481250 0.791667 0.481771 0.788889 0.495312 0.788889 0.495833 0.786111 0.504687 0.788889 0.505208 0.786111 0.515625 0.786111 0.515625 0.760185 0.390104 0.760185
2 0.377604 0.504630 0.377604 0.547222 0.457813 0.544444 0.458333 0.541667 0.475000 0.541667 0.475521 0.538889 0.485938 0.538889 0.486458 0.536111 0.498437 0.536111 0.503646 0.527778 0.509375 0.527778 0.509375 0.524074 0.503646 0.524074 0.501563 0.520370 0.501563 0.515741 0.500000 0.514815 0.500000 0.504630 0.390104 0.504630 0.389583 0.515741 0.389062 0.504630
2 0.502604 0.516667 0.514062 0.516667 0.514062 0.506481 0.516146 0.502778 0.534375 0.500000 0.534896 0.497222 0.540625 0.497222 0.541146 0.494444 0.578125 0.491667 0.578646 0.488889 0.592187 0.488889 0.592708 0.486111 0.615625 0.486111 0.617188 0.479630 0.615625 0.478704 0.615625 0.474074 0.611458 0.471296 0.610938 0.468519 0.605208 0.468519 0.604688 0.465741 0.592708 0.465741 0.592187 0.462963 0.584896 0.462963 0.584375 0.460185 0.575521 0.460185 0.575000 0.449074 0.566667 0.449074 0.566146 0.460185 0.564063 0.459259 0.564063 0.449074 0.518229 0.449074 0.517708 0.460185 0.502604 0.460185
2 0.508854 0.637963 0.508854 0.680556 0.520312 0.680556 0.520833 0.677778 0.553125 0.677778 0.553646 0.675000 0.567187 0.675000 0.567708 0.672222 0.573438 0.672222 0.573958 0.669444 0.582812 0.669444 0.583333 0.666667 0.595313 0.666667 0.595833 0.663889 0.628125 0.663889 0.628125 0.637963
2 0.252604 0.794444 0.315625 0.794444 0.315625 0.784259 0.317708 0.780556 0.339062 0.775000 0.340625 0.768519 0.305208 0.760185 0.301563 0.753704 0.302083 0.750000 0.320312 0.747222 0.320833 0.744444 0.362500 0.744444 0.363021 0.741667 0.378125 0.738889 0.383333 0.733333 0.390625 0.733333 0.390625 0.704630 0.252604 0.704630
2 0.390104 0.715741 0.390104 0.769444 0.457813 0.766667 0.458333 0.763889 0.475000 0.763889 0.475521 0.761111 0.493750 0.761111 0.494271 0.758333 0.507812 0.758333 0.508333 0.755556 0.515625 0.755556 0.515625 0.715741
2 0.477604 0.004630 0.477604 0.030556 0.511458 0.030556 0.511979 0.033333 0.528646 0.033333 0.529167 0.036111 0.540625 0.036111 0.541146 0.033333 0.603125 0.033333 0.603125 0.004630
2 0.252604 0.626852 0.252604 0.647222 0.265104 0.648148 0.261458 0.651852 0.252604 0.651852 0.252604 0.677778 0.298438 0.677778 0.298958 0.675000 0.307812 0.675000 0.308333 0.672222 0.317188 0.672222 0.317708 0.669444 0.335938 0.669444 0.336458 0.666667 0.364063 0.663889 0.364583 0.661111 0.375000 0.658333 0.375521 0.655556 0.390625 0.655556 0.390625 0.626852 0.315104 0.626852 0.314583 0.637963 0.303646 0.637963 0.303125 0.626852
2 0.377604 0.586111 0.428125 0.583333 0.428646 0.580556 0.454688 0.580556 0.455208 0.577778 0.484375 0.575000 0.484896 0.572222 0.493750 0.572222 0.494271 0.569444 0.500000 0.569444 0.503125 0.563889 0.503125 0.557407 0.501563 0.556481 0.501563 0.551852 0.498437 0.548148 0.498437 0.537963 0.405729 0.537963 0.405208 0.549074 0.377604 0.551852
2 0.240104 0.471296 0.240104 0.522222 0.314063 0.519444 0.314583 0.516667 0.343750 0.516667 0.344271 0.513889 0.353125 0.513889 0.353646 0.511111 0.366146 0.511111 0.366667 0.513889 0.384375 0.511111 0.384375 0.490741 0.378646 0.490741 0.376563 0.487037 0.375000 0.471296
2 0.508854 0.704630 0.508854 0.722222 0.515104 0.723148 0.515104 0.741667 0.516667 0.742593 0.516667 0.747222 0.524479 0.753704 0.524479 0.772222 0.535937 0.772222 0.535937 0.757407 0.534375 0.756481 0.534375 0.751852 0.531250 0.750926 0.543750 0.750000 0.544271 0.747222 0.566146 0.747222 0.566667 0.750000 0.588021 0.747222 0.588542 0.750000 0.609896 0.755556 0.611979 0.759259 0.611979 0.772222 0.634375 0.772222 0.634375 0.704630
2 0.496354 0.358333 0.504687 0.358333 0.506771 0.352778 0.512500 0.352778 0.513021 0.350000 0.534375 0.350000 0.534896 0.347222 0.548438 0.347222 0.548958 0.344444 0.565625 0.344444 0.566146 0.341667 0.581250 0.341667 0.581771 0.338889 0.589063 0.338889 0.589063 0.331481 0.590625 0.330556 0.590625 0.326852 0.588021 0.326852 0.587500 0.324074 0.584896 0.324074 0.584375 0.321296 0.581771 0.321296 0.579688 0.315741 0.575521 0.315741 0.575000 0.312963 0.569271 0.312963 0.568750 0.310185 0.556771 0.307407 0.554688 0.303704 0.554688 0.293519 0.516667 0.293519 0.516146 0.304630 0.513542 0.304630 0.513021 0.307407 0.508854 0.307407 0.508333 0.310185 0.505729 0.310185 0.503646 0.315741 0.496354 0.315741
2 0.383854 0.649074 0.383854 0.694444 0.409375 0.694444 0.409896 0.691667 0.417187 0.691667 0.417708 0.688889 0.440625 0.688889 0.441146 0.686111 0.478125 0.686111 0.478646 0.683333 0.490625 0.683333 0.491146 0.680556 0.506250 0.677778 0.509896 0.672222 0.515625 0.672222 0.515625 0.668519 0.509896 0.668519 0.507812 0.664815 0.507812 0.649074
2 0.508854 0.737963 0.508854 0.794444 0.556250 0.794444 0.556771 0.783333 0.564063 0.783333 0.564583 0.780556 0.582812 0.780556 0.583333 0.777778 0.596875 0.777778 0.597396 0.775000 0.613021 0.775000 0.613542 0.777778 0.618750 0.777778 0.619271 0.775000 0.634375 0.772222 0.634375 0.737963
2 0.252604 0.827778 0.290625 0.827778 0.289062 0.807407 0.284896 0.804630 0.284375 0.799074 0.280208 0.794444 0.300521 0.794444 0.309896 0.800000 0.311979 0.806481 0.305729 0.815741 0.305729 0.827778 0.335938 0.827778 0.335938 0.810185 0.331250 0.803704 0.331250 0.792593 0.333333 0.788889 0.362500 0.783333 0.363021 0.780556 0.390625 0.777778 0.390625 0.737963 0.252604 0.737963
2 0.377604 0.460185 0.377604 0.477778 0.392708 0.477778 0.396354 0.481481 0.391146 0.487963 0.377604 0.487963 0.377604 0.550000 0.482812 0.550000 0.482812 0.539815 0.488021 0.533333 0.498437 0.536111 0.503646 0.527778 0.509375 0.527778 0.509375 0.524074 0.502083 0.524074 0.498437 0.512963 0.478646 0.512963 0.476562 0.509259 0.477083 0.505556 0.484896 0.500000 0.498437 0.500000 0.501563 0.494444 0.501563 0.482407 0.496354 0.479630 0.492708 0.487963 0.470833 0.485185 0.468750 0.478704 0.475000 0.472222 0.475000 0.460185
2 0.065104 0.726852 0.065104 0.786111 0.079687 0.786111 0.095833 0.775000 0.144792 0.781481 0.125521 0.796296 0.101042 0.796296 0.097917 0.801852 0.097917 0.816667 0.160938 0.816667 0.160938 0.806481 0.170313 0.797222 0.171875 0.790741 0.152083 0.780556 0.172396 0.769444 0.223438 0.766667 0.234375 0.761111 0.234375 0.726852
2 0.371354 0.426852 0.371354 0.472222 0.394271 0.472222 0.394792 0.475000 0.400000 0.475000 0.400521 0.472222 0.425000 0.472222 0.425521 0.469444 0.450000 0.469444 0.450521 0.466667 0.462500 0.466667 0.463021 0.463889 0.468750 0.463889 0.469271 0.461111 0.471875 0.461111 0.471875 0.457407 0.467187 0.449074 0.464583 0.449074 0.464062 0.446296 0.459896 0.446296 0.459375 0.443519 0.453646 0.443519 0.453125 0.440741 0.428646 0.440741 0.428125 0.437963 0.416146 0.437963 0.415625 0.426852
2 0.240104 0.437963 0.240104 0.488889 0.246875 0.488889 0.250521 0.483333 0.257812 0.483333 0.258333 0.480556 0.378125 0.475000 0.378125 0.437963
2 0.240104 0.529630 0.240104 0.563889 0.273438 0.563889 0.273958 0.561111 0.303125 0.561111 0.303646 0.558333 0.328646 0.561111 0.327083 0.565741 0.319792 0.565741 0.319792 0.570370 0.316146 0.574074 0.294792 0.579630 0.293229 0.594444 0.384375 0.594444 0.384375 0.560185 0.378646 0.560185 0.376563 0.553704 0.377083 0.547222 0.384375 0.547222 0.384375 0.515741 0.304167 0.515741 0.303646 0.526852 0.282292 0.529630 0.281771 0.532407
2 0.077604 0.760185 0.077604 0.825000 0.084375 0.825000 0.091146 0.805556 0.097396 0.808333 0.101042 0.816667 0.112500 0.816667 0.113021 0.813889 0.162500 0.813889 0.163021 0.811111 0.170313 0.811111 0.170833 0.808333 0.195312 0.805556 0.195833 0.802778 0.234375 0.802778 0.234375 0.760185
2 0.252604 0.737963 0.252604 0.805556 0.270313 0.805556 0.270833 0.794444 0.278125 0.794444 0.278646 0.791667 0.318750 0.791667 0.319271 0.788889 0.325000 0.788889 0.325521 0.786111 0.329688 0.786111 0.330208 0.783333 0.379688 0.780556 0.380208 0.777778 0.384375 0.777778 0.384896 0.775000 0.390625 0.775000 0.390625 0.737963
2 0.065104 0.571296 0.065104 0.625000 0.112500 0.625000 0.113021 0.622222 0.125000 0.622222 0.125521 0.619444 0.157812 0.616667 0.158333 0.613889 0.168750 0.613889 0.169271 0.611111 0.181250 0.611111 0.181771 0.608333 0.196875 0.608333 0.197396 0.605556 0.203125 0.605556 0.203125 0.601852 0.192708 0.601852 0.192188 0.599074 0.181771 0.596296 0.179688 0.592593 0.182812 0.586111 0.182812 0.571296
2 0.233854 0.393519 0.233854 0.447222 0.241146 0.447222 0.241667 0.450000 0.276562 0.447222 0.277083 0.444444 0.323437 0.444444 0.323958 0.441667 0.335938 0.441667 0.336458 0.438889 0.348438 0.438889 0.348958 0.436111 0.363021 0.436111 0.363542 0.438889 0.367188 0.438889 0.370833 0.433333 0.378125 0.433333 0.378125 0.415741 0.371875 0.414815 0.371875 0.410185 0.370312 0.409259 0.370312 0.393519
2 0.065104 0.604630 0.065104 0.672222 0.093750 0.672222 0.093750 0.662037 0.098437 0.661111 0.098958 0.658333 0.140625 0.658333 0.141146 0.655556 0.155208 0.655556 0.155729 0.658333 0.167708 0.655556 0.168229 0.658333 0.173437 0.658333 0.173958 0.655556 0.198437 0.655556 0.198958 0.652778 0.203125 0.652778 0.203125 0.649074 0.189583 0.646296 0.185938 0.639815 0.191146 0.630556 0.193750 0.630556 0.193750 0.624074 0.170833 0.615741 0.170313 0.604630
2 0.365104 0.349074 0.365104 0.397222 0.370833 0.397222 0.371354 0.400000 0.448437 0.397222 0.448958 0.394444 0.457813 0.394444 0.458333 0.391667 0.467187 0.391667 0.467708 0.388889 0.482812 0.388889 0.483333 0.386111 0.503125 0.383333 0.503125 0.365741 0.496354 0.365741 0.492708 0.374074 0.486979 0.374074 0.486458 0.376852 0.463021 0.376852 0.462500 0.374074 0.436458 0.374074 0.435937 0.371296 0.427083 0.371296 0.432812 0.369444 0.433333 0.366667 0.439063 0.366667 0.442188 0.361111 0.442188 0.349074
2 0.508854 0.671296 0.508854 0.716667 0.516146 0.716667 0.519792 0.723148 0.519792 0.728704 0.518229 0.729630 0.518229 0.750000 0.634375 0.750000 0.634375 0.671296
2 0.002604 0.737963 0.002604 0.788889 0.056250 0.788889 0.056771 0.786111 0.081250 0.786111 0.081771 0.783333 0.087500 0.783333 0.088021 0.780556 0.092188 0.780556 0.092708 0.777778 0.095312 0.777778 0.095833 0.775000 0.103125 0.775000 0.103125 0.737963
2 0.383854 0.649074 0.383854 0.697222 0.409375 0.697222 0.420833 0.691667 0.465625 0.691667 0.466146 0.688889 0.478646 0.691667 0.478646 0.696296 0.469271 0.701852 0.454167 0.701852 0.441146 0.710185 0.422917 0.715741 0.426042 0.722222 0.493750 0.719444 0.494271 0.716667 0.506250 0.716667 0.509896 0.708333 0.515625 0.708333 0.515625 0.701852 0.509896 0.701852 0.506250 0.695370 0.506250 0.681481 0.509375 0.677778 0.509375 0.673148 0.515625 0.672222 0.515625 0.668519 0.509375 0.667593 0.509375 0.649074
2 0.483854 0.182407 0.483854 0.261111 0.607812 0.261111 0.608333 0.250000 0.615625 0.250000 0.615625 0.224074 0.609896 0.224074 0.606250 0.217593 0.607812 0.213889 0.607812 0.182407
2 0.227604 0.137963 0.227604 0.183333 0.253646 0.183333 0.254167 0.186111 0.354687 0.186111 0.358333 0.180556 0.365625 0.180556 0.365625 0.149074 0.359896 0.149074 0.359375 0.137963 0.335417 0.137963 0.334896 0.149074 0.324479 0.149074 0.323958 0.151852 0.305208 0.149074 0.304688 0.137963 0.294792 0.137963 0.294271 0.149074 0.286979 0.149074 0.286458 0.151852 0.258333 0.151852 0.256250 0.148148 0.256250 0.137963
2 0.346354 0.004630 0.346354 0.022222 0.353646 0.022222 0.354167 0.025000 0.378646 0.025000 0.379167 0.027778 0.389583 0.027778 0.390104 0.030556 0.398958 0.030556 0.399479 0.033333 0.490625 0.030556 0.490625 0.004630
2 0.071354 0.649074 0.071354 0.700000 0.085938 0.700000 0.086458 0.697222 0.164062 0.697222 0.164583 0.694444 0.165104 0.716667 0.226562 0.716667 0.226562 0.699074 0.223438 0.689815 0.223438 0.649074
2 0.502604 0.560185 0.502604 0.611111 0.521875 0.613889 0.544271 0.605556 0.591667 0.603704 0.591146 0.607407 0.557292 0.607407 0.552083 0.618519 0.542708 0.621296 0.511979 0.618519 0.508333 0.624074 0.502604 0.624074 0.502604 0.638889 0.628125 0.638889 0.628125 0.604630 0.622396 0.604630 0.615625 0.585185 0.575521 0.571296 0.575000 0.560185
2 0.483854 0.137963 0.483854 0.183333 0.492708 0.183333 0.493229 0.186111 0.537500 0.186111 0.538021 0.183333 0.559375 0.183333 0.559896 0.180556 0.568750 0.180556 0.569271 0.177778 0.609375 0.177778 0.609375 0.137963 0.590104 0.137963 0.590104 0.148148 0.583854 0.149074 0.583333 0.151852 0.581250 0.149074 0.570833 0.149074 0.570312 0.137963 0.552604 0.137963 0.552083 0.149074 0.541667 0.149074 0.541146 0.151852 0.519271 0.151852 0.518750 0.149074 0.511458 0.149074 0.510938 0.137963
2 0.496354 0.337963 0.496354 0.388889 0.535937 0.391667 0.539583 0.386111 0.548438 0.386111 0.548958 0.383333 0.581250 0.383333 0.581771 0.380556 0.590625 0.380556 0.591146 0.377778 0.604688 0.377778 0.605208 0.375000 0.615625 0.375000 0.616146 0.372222 0.621875 0.372222 0.621875 0.337963 0.515104 0.337963 0.514583 0.349074 0.514062 0.337963
2 0.468750 0.424074 0.463021 0.424074 0.462500 0.421296 0.459896 0.421296 0.459375 0.418519 0.456771 0.418519 0.456250 0.415741 0.453646 0.415741 0.453125 0.412963 0.447396 0.412963 0.446875 0.410185 0.438021 0.410185 0.437500 0.407407 0.430729 0.407407 0.430208 0.410185 0.421354 0.410185 0.420833 0.412963 0.418229 0.412963 0.417708 0.415741 0.408854 0.415741 0.408333 0.418519 0.394792 0.418519 0.394271 0.421296 0.389583 0.421296 0.389062 0.418519 0.371354 0.418519 0.371354 0.441667 0.379688 0.441667 0.380208 0.438889 0.387500 0.438889 0.388021 0.436111 0.420312 0.436111 0.420833 0.433333 0.456250 0.433333 0.456771 0.430556 0.467187 0.430556 0.467187 0.428704 0.468750 0.427778
2 0.483854 0.215741 0.483854 0.255556 0.492708 0.255556 0.493229 0.258333 0.501563 0.258333 0.502083 0.255556 0.596875 0.255556 0.597396 0.252778 0.615625 0.250000 0.615625 0.226852 0.609896 0.226852 0.609375 0.215741 0.580729 0.215741 0.580729 0.228704 0.578646 0.232407 0.570833 0.232407 0.570312 0.229630 0.564583 0.229630 0.564063 0.226852 0.561458 0.226852 0.560937 0.215741
2 0.477604 0.071296 0.477604 0.111111 0.582812 0.108333 0.583333 0.105556 0.596875 0.102778 0.600000 0.097222 0.598437 0.071296
2 0.221354 0.104630 0.221354 0.144444 0.350521 0.144444 0.351042 0.147222 0.365625 0.144444 0.365625 0.104630
2 0.496354 0.349074 0.496354 0.427778 0.554688 0.427778 0.555208 0.416667 0.564063 0.416667 0.564583 0.413889 0.589063 0.413889 0.589583 0.411111 0.598437 0.411111 0.598958 0.408333 0.606250 0.408333 0.606771 0.405556 0.612500 0.405556 0.613021 0.402778 0.621875 0.402778 0.621875 0.387963 0.614583 0.387963 0.609375 0.381481 0.612500 0.380556 0.613021 0.377778 0.621875 0.377778 0.621875 0.349074
2 0.508854 0.693519 0.508854 0.719444 0.515104 0.720370 0.515104 0.725000 0.516667 0.725926 0.515104 0.741667 0.516667 0.742593 0.516667 0.747222 0.524479 0.750926 0.524479 0.761111 0.529687 0.761111 0.530208 0.750000 0.543750 0.750000 0.544271 0.747222 0.592708 0.747222 0.593229 0.750000 0.596354 0.750926 0.596354 0.761111 0.634375 0.761111 0.634375 0.693519
2 0.071354 0.682407 0.071354 0.741667 0.089063 0.738889 0.095833 0.730556 0.196875 0.733333 0.197396 0.730556 0.206250 0.730556 0.206771 0.727778 0.212500 0.727778 0.213021 0.725000 0.225000 0.725000 0.227083 0.719444 0.234375 0.719444 0.234375 0.710185 0.228125 0.709259 0.226562 0.682407
2 0.215104 0.060185 0.215104 0.116667 0.259375 0.113889 0.259896 0.111111 0.279687 0.113889 0.280208 0.111111 0.329688 0.111111 0.330208 0.108333 0.350521 0.108333 0.351042 0.111111 0.357812 0.111111 0.358333 0.108333 0.365625 0.108333 0.365625 0.060185
2 0.477604 0.026852 0.477604 0.072222 0.484896 0.072222 0.485417 0.075000 0.557813 0.075000 0.558333 0.072222 0.585938 0.072222 0.586458 0.069444 0.596875 0.069444 0.597396 0.066667 0.600000 0.066667 0.600000 0.062037 0.601562 0.061111 0.601562 0.057407 0.600000 0.056481 0.600000 0.026852
