2 0.000000 0.115741 0.000000 0.211111 0.017708 0.219444 0.040104 0.238889 0.050521 0.241667 0.057292 0.250000 0.069271 0.252778 0.076042 0.261111 0.088021 0.263889 0.102604 0.275000 0.109896 0.275000 0.116667 0.283333 0.133333 0.286111 0.141667 0.295370 0.141667 0.305556 0.159375 0.305556 0.159375 0.251852 0.153125 0.250926 0.151562 0.235185 0.145313 0.224074 0.133333 0.221296 0.129688 0.212963 0.116146 0.210185 0.109375 0.201852 0.098958 0.199074 0.092188 0.190741 0.067708 0.176852 0.062500 0.168519 0.048958 0.162963 0.046875 0.157407 0.039583 0.154630 0.034375 0.146296 0.014583 0.129630 0.014063 0.115741
2 0.002604 0.504630 0.002604 0.600000 0.028125 0.597222 0.028646 0.594444 0.039062 0.594444 0.039583 0.591667 0.056250 0.591667 0.056771 0.588889 0.093750 0.583333 0.094271 0.580556 0.112500 0.580556 0.113021 0.577778 0.120313 0.577778 0.127083 0.572222 0.143750 0.572222 0.144271 0.569444 0.150000 0.569444 0.153646 0.563889 0.159375 0.563889 0.159375 0.504630
2 0.002604 0.304630 0.002604 0.400000 0.009896 0.400000 0.016667 0.405556 0.033333 0.408333 0.033854 0.411111 0.041146 0.411111 0.049479 0.416667 0.058333 0.416667 0.058854 0.419444 0.073958 0.419444 0.074479 0.422222 0.108333 0.427778 0.108854 0.430556 0.142708 0.430556 0.143229 0.433333 0.159375 0.430556 0.159375 0.374074 0.153646 0.374074 0.151562 0.368519 0.128646 0.360185 0.128125 0.357407 0.111458 0.354630 0.103125 0.346296 0.080208 0.343519 0.073438 0.335185 0.058333 0.335185 0.040625 0.321296 0.025521 0.318519 0.021875 0.314815 0.021875 0.304630
2 0.002604 0.404630 0.002604 0.500000 0.008333 0.500000 0.008854 0.502778 0.029687 0.502778 0.030208 0.500000 0.094271 0.502778 0.094792 0.505556 0.101042 0.506481 0.101042 0.516667 0.109375 0.516667 0.109896 0.505556 0.118750 0.505556 0.119271 0.502778 0.159375 0.500000 0.159375 0.435185 0.150521 0.435185 0.142187 0.429630 0.116146 0.432407 0.115625 0.429630 0.102083 0.429630 0.101562 0.426852 0.077083 0.421296 0.076563 0.418519 0.061458 0.418519 0.060937 0.415741 0.054688 0.414815 0.054688 0.404630
2 0.002604 0.215741 0.002604 0.308333 0.013021 0.308333 0.021354 0.316667 0.033333 0.316667 0.051042 0.330556 0.061458 0.330556 0.076042 0.341667 0.092708 0.341667 0.102604 0.350000 0.123958 0.355556 0.129167 0.361111 0.159375 0.366667 0.159375 0.312963 0.153646 0.312963 0.151562 0.304630 0.138021 0.296296 0.135937 0.290741 0.120833 0.287963 0.106250 0.276852 0.077083 0.265741 0.071875 0.257407 0.059896 0.254630 0.048438 0.243519 0.036458 0.240741 0.032813 0.235185 0.020833 0.229630 0.018750 0.225926 0.018750 0.215741
2 0.151562 0.637963 0.122917 0.637963 0.122917 0.648148 0.117708 0.651852 0.099479 0.654630 0.077604 0.665741 0.069271 0.674074 0.049479 0.676852 0.024479 0.687963 0.013021 0.699074 0.000000 0.699074 0.000000 0.808333 0.009375 0.808333 0.033333 0.786111 0.043750 0.783333 0.056771 0.766667 0.078125 0.761111 0.083333 0.752778 0.103125 0.738889 0.103646 0.733333 0.115625 0.727778 0.119271 0.719444 0.129688 0.719444 0.139583 0.711111 0.150000 0.708333 0.154688 0.697222 0.154688 0.657407 0.151562 0.648148
2 0.002604 0.004630 0.002604 0.038889 0.023958 0.038889 0.029167 0.044444 0.039583 0.047222 0.058854 0.066667 0.072396 0.072222 0.091146 0.088889 0.093229 0.094444 0.102083 0.100000 0.105729 0.108333 0.128646 0.127778 0.129167 0.138889 0.140625 0.138889 0.140625 0.074074 0.133333 0.074074 0.131250 0.065741 0.125521 0.062963 0.123438 0.057407 0.120833 0.057407 0.118750 0.051852 0.106771 0.040741 0.103125 0.032407 0.100521 0.032407 0.095312 0.021296 0.092708 0.021296 0.089063 0.014815 0.089063 0.004630
2 0.302604 0.082407 0.302604 0.111111 0.308333 0.111111 0.308854 0.113889 0.309896 0.113889 0.310417 0.116667 0.311458 0.116667 0.311979 0.119444 0.313021 0.119444 0.313542 0.122222 0.315104 0.123148 0.315104 0.125000 0.317708 0.125000 0.318229 0.125926 0.318229 0.138889 0.332813 0.138889 0.332813 0.117593 0.334375 0.116667 0.334375 0.101852 0.332813 0.100926 0.332813 0.096296 0.331250 0.095370 0.331250 0.082407
2 0.171875 0.904630 0.149479 0.904630 0.149479 0.914815 0.139583 0.937963 0.122396 0.960185 0.111458 0.968519 0.107813 0.967593 0.107813 0.925926 0.112500 0.916667 0.112500 0.904630 0.096354 0.904630 0.096354 0.917593 0.079167 0.935185 0.070833 0.949074 0.058854 0.951852 0.052604 0.957407 0.041146 0.979630 0.018229 0.990741 0.018229 0.994444 0.068750 0.997222 0.071875 0.994444 0.070312 0.978704 0.072396 0.975000 0.074479 0.986111 0.093750 0.983333 0.109896 0.975000 0.121354 0.994444 0.127083 0.988889 0.171875 0.980556
2 0.165625 0.715741 0.159896 0.715741 0.159375 0.704630 0.136979 0.704630 0.136458 0.715741 0.113542 0.726852 0.103646 0.737963 0.099479 0.737963 0.080729 0.754630 0.075521 0.762963 0.049479 0.774074 0.039583 0.785185 0.024479 0.782407 0.022917 0.805556 0.032292 0.816667 0.035937 0.816667 0.038021 0.811111 0.045833 0.811111 0.051042 0.823148 0.051042 0.841667 0.052604 0.844444 0.065625 0.838889 0.088021 0.819444 0.096875 0.816667 0.102083 0.808333 0.107813 0.808333 0.123958 0.791667 0.142187 0.783333 0.144271 0.777778 0.156250 0.769444 0.159896 0.761111 0.165625 0.761111
2 0.164062 0.771296 0.144792 0.771296 0.142708 0.785185 0.130729 0.790741 0.094271 0.824074 0.085417 0.826852 0.067708 0.849074 0.043229 0.860185 0.031771 0.876852 0.000000 0.874074 0.000000 0.925000 0.010937 0.922222 0.022396 0.900000 0.033333 0.894444 0.035417 0.898148 0.035417 0.906481 0.032292 0.912963 0.033854 0.927778 0.047396 0.933333 0.051042 0.938889 0.059375 0.938889 0.061458 0.933333 0.087500 0.913889 0.095833 0.900000 0.120833 0.877778 0.131250 0.877778 0.142187 0.869444 0.147396 0.858333 0.151562 0.858333 0.164062 0.833333
