2 0.000000 0.096296 0.000000 0.205556 0.017708 0.208333 0.024479 0.216667 0.058333 0.230556 0.066667 0.238889 0.100521 0.255556 0.102604 0.261111 0.117708 0.263889 0.124479 0.272222 0.146875 0.275000 0.146875 0.237963 0.140625 0.237037 0.140625 0.224074 0.135937 0.201852 0.127083 0.196296 0.125000 0.190741 0.097396 0.176852 0.092188 0.168519 0.081771 0.165741 0.075000 0.157407 0.063021 0.151852 0.060937 0.146296 0.036458 0.132407 0.031250 0.124074 0.023958 0.121296 0.014063 0.107407
2 0.123438 0.649074 0.118229 0.649074 0.118229 0.659259 0.113021 0.665741 0.077604 0.668519 0.077083 0.671296 0.063542 0.674074 0.048958 0.687963 0.044792 0.687963 0.030208 0.699074 0.024479 0.699074 0.023958 0.701852 0.016667 0.701852 0.016146 0.704630 0.000000 0.701852 0.000000 0.816667 0.007812 0.813889 0.020313 0.802778 0.022396 0.797222 0.042188 0.786111 0.073958 0.755556 0.078125 0.755556 0.088021 0.747222 0.093750 0.747222 0.094271 0.744444 0.109375 0.741667 0.120833 0.730556 0.125000 0.730556 0.126562 0.727778 0.126562 0.712963 0.125000 0.712037 0.125000 0.687963 0.123438 0.687037
2 0.002604 0.207407 0.002604 0.302778 0.011458 0.302778 0.011979 0.305556 0.017708 0.305556 0.018229 0.308333 0.023958 0.308333 0.043229 0.319444 0.067708 0.322222 0.077604 0.330556 0.084896 0.330556 0.102604 0.341667 0.122396 0.344444 0.129167 0.350926 0.129167 0.361111 0.139063 0.361111 0.139063 0.350926 0.141146 0.347222 0.146875 0.347222 0.146875 0.293519 0.141146 0.293519 0.135937 0.279630 0.123958 0.274074 0.115625 0.265741 0.105208 0.262963 0.096875 0.254630 0.091146 0.254630 0.076563 0.243519 0.066146 0.240741 0.059375 0.232407 0.028646 0.221296 0.021875 0.212963 0.011458 0.210185 0.010937 0.207407
2 0.000000 0.493519 0.000000 0.594444 0.025000 0.594444 0.025521 0.591667 0.043750 0.591667 0.044271 0.588889 0.073438 0.586111 0.073958 0.583333 0.140625 0.577778 0.140625 0.493519
2 0.002604 0.404630 0.002604 0.500000 0.061458 0.497222 0.061979 0.500000 0.130208 0.500000 0.130729 0.502778 0.135937 0.502778 0.141146 0.494444 0.146875 0.494444 0.146875 0.432407 0.141146 0.432407 0.137500 0.424074 0.123958 0.421296 0.123438 0.418519 0.091146 0.415741 0.090625 0.404630
2 0.002604 0.293519 0.002604 0.397222 0.009896 0.397222 0.010417 0.400000 0.020833 0.402778 0.021354 0.405556 0.052083 0.405556 0.052604 0.408333 0.063021 0.408333 0.063542 0.411111 0.081771 0.413889 0.082292 0.416667 0.125521 0.419444 0.126042 0.422222 0.133333 0.422222 0.133854 0.425000 0.139063 0.422222 0.140625 0.416667 0.139063 0.362963 0.134375 0.351852 0.128125 0.346296 0.106771 0.343519 0.106250 0.340741 0.100521 0.340741 0.096875 0.335185 0.081771 0.332407 0.073438 0.324074 0.052083 0.321296 0.051562 0.318519 0.045833 0.318519 0.042188 0.312963 0.028646 0.312963 0.018750 0.303704 0.018750 0.293519
2 0.000000 0.582407 0.000000 0.708333 0.007812 0.705556 0.016146 0.697222 0.034375 0.694444 0.039583 0.688889 0.057813 0.683333 0.066146 0.675000 0.123438 0.661111 0.128646 0.650000 0.130729 0.652778 0.140625 0.652778 0.140625 0.582407
2 0.146875 0.715741 0.122917 0.715741 0.122917 0.725926 0.111458 0.740741 0.102083 0.746296 0.093229 0.746296 0.074479 0.757407 0.044271 0.787963 0.035417 0.790741 0.013021 0.812963 0.000000 0.818519 0.000000 0.902778 0.009375 0.902778 0.021875 0.891667 0.023958 0.886111 0.048958 0.863889 0.056250 0.861111 0.058333 0.855556 0.071875 0.850000 0.083333 0.836111 0.106250 0.830556 0.122396 0.811111 0.131250 0.808333 0.139583 0.800000 0.146875 0.800000
2 0.153125 0.807407 0.147396 0.807407 0.142187 0.792593 0.142187 0.782407 0.138542 0.782407 0.138542 0.795370 0.113021 0.829630 0.091667 0.837963 0.033854 0.882407 0.031771 0.890741 0.013542 0.907407 0.009896 0.915741 0.000000 0.918519 0.000000 0.999074 0.018750 0.999074 0.020833 0.991667 0.025000 0.991667 0.033333 0.980556 0.040625 0.977778 0.044271 0.969444 0.093750 0.927778 0.105208 0.911111 0.115104 0.914815 0.115104 0.922222 0.122917 0.934259 0.122917 0.944444 0.129688 0.944444 0.133333 0.936111 0.143750 0.933333 0.147396 0.922222 0.153125 0.922222 0.153125 0.896296 0.146875 0.895370 0.147396 0.891667 0.153125 0.891667
2 0.153125 0.871296 0.136979 0.871296 0.136979 0.884259 0.131771 0.890741 0.099479 0.912963 0.077083 0.937963 0.060417 0.946296 0.028646 0.979630 0.019271 0.979630 0.014063 0.970370 0.014063 0.956481 0.021875 0.924074 0.018750 0.918519 0.002604 0.924074 0.002604 0.999074 0.095312 0.999074 0.095312 0.992593 0.100521 0.988889 0.115625 0.986111 0.122396 0.977778 0.129688 0.977778 0.133333 0.972222 0.142187 0.975000 0.147396 0.963889 0.153125 0.963889
3 0.849479 0.004630 0.865104 0.419444 0.867188 0.381481 0.902083 0.336111 0.918229 0.394444 0.930729 0.406481 0.941667 0.503704 0.947917 0.698148 0.901042 0.687963 0.893229 0.708333 0.911979 0.737037 0.919792 0.780556 0.961458 0.777778 0.999479 0.800000 0.999479 0.712963 0.970313 0.689815 0.965625 0.459259 0.970833 0.422222 0.999479 0.419444 0.999479 0.060185 0.959896 0.068519 0.957812 0.004630 0.921354 0.004630 0.933854 0.189815 0.881771 0.224074 0.871875 0.206481 0.878125 0.157407 0.862500 0.125926 0.875000 0.004630
