2 0.953125 0.182407 0.919792 0.182407 0.919792 0.192593 0.916146 0.199074 0.911979 0.199074 0.905208 0.207407 0.893229 0.212963 0.891146 0.218519 0.882292 0.221296 0.878646 0.226852 0.868229 0.229630 0.859896 0.237963 0.846354 0.243519 0.839583 0.251852 0.830729 0.254630 0.827083 0.260185 0.821354 0.260185 0.821354 0.311111 0.835938 0.311111 0.836458 0.308333 0.843750 0.308333 0.844271 0.305556 0.853125 0.305556 0.855208 0.300000 0.859375 0.300000 0.859896 0.297222 0.875000 0.294444 0.878646 0.288889 0.885938 0.288889 0.886458 0.286111 0.896875 0.286111 0.905208 0.277778 0.915625 0.275000 0.916146 0.272222 0.920312 0.272222 0.923958 0.266667 0.928125 0.266667 0.933333 0.261111 0.953125 0.255556
2 0.758854 0.793519 0.758854 0.830556 0.764583 0.830556 0.769792 0.841667 0.773958 0.841667 0.774479 0.844444 0.777083 0.844444 0.779167 0.850000 0.781771 0.850000 0.783854 0.855556 0.786458 0.855556 0.790104 0.863889 0.794271 0.863889 0.797917 0.869444 0.802083 0.869444 0.802604 0.872222 0.805208 0.872222 0.805729 0.875000 0.808333 0.875000 0.808854 0.877778 0.814583 0.880556 0.815104 0.886111 0.818229 0.889815 0.818229 0.894444 0.819792 0.897222 0.822396 0.897222 0.822917 0.900000 0.827083 0.900000 0.827604 0.902778 0.837500 0.902778 0.840625 0.897222 0.841146 0.891667 0.846875 0.891667 0.846875 0.876852 0.840625 0.875926 0.840625 0.862963 0.839063 0.862037 0.839063 0.857407 0.835938 0.851852 0.825521 0.849074 0.823438 0.843519 0.820833 0.843519 0.818750 0.837963 0.816146 0.837963 0.815625 0.835185 0.813021 0.835185 0.812500 0.832407 0.809896 0.832407 0.806250 0.826852 0.802083 0.826852 0.801562 0.824074 0.795833 0.821296 0.793750 0.815741 0.788021 0.812963 0.785937 0.807407 0.782813 0.806481 0.782813 0.793519
2 0.752604 0.637963 0.752604 0.691667 0.759896 0.691667 0.760417 0.694444 0.763021 0.694444 0.763542 0.697222 0.772396 0.700000 0.772917 0.702778 0.775521 0.702778 0.776042 0.705556 0.781771 0.705556 0.782292 0.708333 0.788021 0.711111 0.790104 0.716667 0.797396 0.716667 0.797917 0.719444 0.806771 0.722222 0.807292 0.725000 0.809896 0.725000 0.810417 0.727778 0.813542 0.728704 0.813542 0.738889 0.823438 0.738889 0.823438 0.728704 0.827083 0.722222 0.834375 0.722222 0.834375 0.679630 0.822396 0.676852 0.821875 0.674074 0.819271 0.674074 0.818750 0.671296 0.814583 0.671296 0.814063 0.668519 0.808333 0.668519 0.807813 0.665741 0.802083 0.665741 0.801562 0.662963 0.797396 0.662963 0.796875 0.660185 0.791146 0.660185 0.790625 0.657407 0.780208 0.657407 0.779687 0.654630 0.773958 0.654630 0.773438 0.651852 0.769271 0.651852 0.767188 0.648148 0.767188 0.637963
2 0.758854 0.693519 0.758854 0.741667 0.769271 0.741667 0.769792 0.744444 0.773958 0.744444 0.774479 0.747222 0.780208 0.750000 0.782292 0.755556 0.784896 0.755556 0.788542 0.763889 0.797396 0.766667 0.799479 0.772222 0.802083 0.772222 0.802604 0.775000 0.806771 0.775000 0.807292 0.777778 0.813021 0.780556 0.813542 0.794444 0.834375 0.794444 0.834375 0.724074 0.827604 0.724074 0.827083 0.726852 0.824479 0.726852 0.823958 0.729630 0.814583 0.729630 0.814063 0.726852 0.811458 0.726852 0.810937 0.724074 0.798958 0.721296 0.798438 0.718519 0.794271 0.718519 0.793750 0.715741 0.791146 0.715741 0.790625 0.712963 0.786458 0.712963 0.785937 0.710185 0.780208 0.707407 0.778125 0.703704 0.778125 0.693519
2 0.827604 0.615741 0.827604 0.666667 0.836458 0.666667 0.844792 0.675000 0.853646 0.675000 0.861979 0.683333 0.875521 0.688889 0.877604 0.694444 0.892708 0.697222 0.899479 0.705556 0.919271 0.713889 0.921354 0.717593 0.921354 0.727778 0.946875 0.727778 0.946875 0.671296 0.940625 0.670370 0.937500 0.651852 0.935937 0.650926 0.935937 0.645370 0.939063 0.641667 0.939063 0.615741 0.918229 0.615741 0.918229 0.627778 0.927083 0.633333 0.928646 0.640741 0.917708 0.640741 0.917188 0.637963 0.913021 0.637963 0.912500 0.632407 0.909375 0.629630 0.875521 0.629630 0.871875 0.625926 0.871875 0.615741
2 0.827604 0.660185 0.827604 0.730556 0.841146 0.733333 0.841667 0.736111 0.859896 0.744444 0.863542 0.750000 0.875521 0.755556 0.877604 0.761111 0.888021 0.763889 0.894792 0.772222 0.903646 0.775000 0.910417 0.783333 0.925521 0.786111 0.933854 0.795370 0.933854 0.805556 0.945312 0.805556 0.946875 0.789815 0.953125 0.788889 0.953125 0.779630 0.946875 0.778704 0.945312 0.746296 0.943750 0.745370 0.942187 0.726852 0.935937 0.721296 0.928646 0.721296 0.928125 0.718519 0.909896 0.712963 0.898438 0.701852 0.886458 0.699074 0.885938 0.696296 0.867708 0.687963 0.860938 0.679630 0.847396 0.674074 0.845313 0.670370 0.845313 0.660185
2 0.840104 0.860185 0.840104 0.919444 0.853646 0.922222 0.854167 0.925000 0.859896 0.927778 0.861979 0.933333 0.866146 0.933333 0.866667 0.936111 0.872396 0.938889 0.882292 0.955556 0.884896 0.955556 0.894792 0.966667 0.927083 0.980556 0.930729 0.989815 0.930729 0.999074 0.959375 0.999074 0.959375 0.954630 0.945833 0.951852 0.945312 0.949074 0.927083 0.935185 0.925000 0.929630 0.919271 0.926852 0.917188 0.921296 0.911458 0.918519 0.909375 0.912963 0.903646 0.910185 0.896875 0.899074 0.892708 0.899074 0.892188 0.896296 0.864583 0.874074 0.864062 0.860185
2 0.752604 0.593519 0.752604 0.641667 0.758333 0.641667 0.758854 0.644444 0.763021 0.644444 0.763542 0.647222 0.767708 0.647222 0.768229 0.650000 0.775521 0.650000 0.776042 0.652778 0.784896 0.652778 0.785417 0.655556 0.789583 0.655556 0.790104 0.658333 0.794271 0.658333 0.794792 0.661111 0.809896 0.663889 0.810417 0.666667 0.813021 0.666667 0.815104 0.672222 0.818229 0.673148 0.818229 0.683333 0.821875 0.683333 0.821875 0.673148 0.823958 0.669444 0.826562 0.669444 0.827083 0.666667 0.840625 0.666667 0.840625 0.612963 0.833333 0.612963 0.832812 0.610185 0.830208 0.610185 0.829688 0.607407 0.827083 0.607407 0.826562 0.604630 0.819792 0.604630 0.819271 0.607407 0.783333 0.607407 0.781250 0.603704 0.781250 0.593519
2 0.821354 0.493519 0.821354 0.558333 0.834896 0.558333 0.835417 0.561111 0.841146 0.561111 0.841667 0.563889 0.853646 0.566667 0.854167 0.569444 0.861458 0.569444 0.861979 0.572222 0.894271 0.572222 0.894792 0.583333 0.942187 0.583333 0.942708 0.572222 0.959375 0.569444 0.959375 0.493519
2 0.945312 0.115741 0.907292 0.115741 0.906771 0.129630 0.899479 0.132407 0.893229 0.137963 0.891146 0.143519 0.883854 0.146296 0.878646 0.154630 0.869792 0.157407 0.867708 0.162963 0.860417 0.165741 0.844792 0.179630 0.842708 0.185185 0.833854 0.190741 0.830208 0.199074 0.821354 0.199074 0.821354 0.261111 0.839063 0.261111 0.839063 0.250926 0.844271 0.241667 0.856250 0.238889 0.863021 0.230556 0.868750 0.230556 0.880208 0.219444 0.890625 0.216667 0.892708 0.211111 0.900000 0.208333 0.906250 0.202778 0.908333 0.197222 0.912500 0.197222 0.931771 0.177778 0.942187 0.175000 0.943750 0.145370 0.945312 0.144444
2 0.833854 0.737963 0.833854 0.786111 0.841146 0.786111 0.846354 0.794444 0.858333 0.800000 0.860417 0.805556 0.863021 0.805556 0.872917 0.816667 0.877083 0.816667 0.885417 0.827778 0.895833 0.830556 0.896354 0.833333 0.905208 0.838889 0.907292 0.844444 0.939583 0.869444 0.941667 0.873148 0.941667 0.883333 0.953125 0.883333 0.953125 0.807407 0.947396 0.807407 0.945312 0.801852 0.938021 0.799074 0.934375 0.793519 0.917708 0.787963 0.914062 0.782407 0.898958 0.776852 0.893750 0.768519 0.888021 0.768519 0.876563 0.757407 0.867708 0.754630 0.864062 0.748148 0.864062 0.737963
2 0.715104 0.737963 0.715104 0.772222 0.720833 0.772222 0.721354 0.775000 0.725521 0.775000 0.726042 0.777778 0.727604 0.778704 0.727604 0.780556 0.730208 0.780556 0.730729 0.783333 0.731771 0.783333 0.732292 0.786111 0.733333 0.786111 0.733854 0.788889 0.734896 0.788889 0.735417 0.791667 0.736458 0.791667 0.736979 0.794444 0.738021 0.794444 0.738542 0.797222 0.739583 0.797222 0.740104 0.800000 0.741146 0.800000 0.741667 0.802778 0.742708 0.802778 0.743229 0.805556 0.744792 0.806481 0.744792 0.808333 0.748958 0.808333 0.749479 0.811111 0.757812 0.811111 0.758333 0.808333 0.765625 0.808333 0.765625 0.785185 0.759896 0.785185 0.759375 0.782407 0.757812 0.781481 0.757812 0.779630 0.755208 0.779630 0.754687 0.776852 0.753646 0.776852 0.753125 0.774074 0.751563 0.773148 0.751563 0.771296 0.748958 0.771296 0.748437 0.768519 0.745833 0.768519 0.745313 0.765741 0.744271 0.765741 0.743750 0.762963 0.742708 0.762963 0.742188 0.760185 0.740625 0.759259 0.740625 0.757407 0.738021 0.757407 0.737500 0.754630 0.736458 0.754630 0.735938 0.751852 0.734896 0.751852 0.734375 0.749074 0.732812 0.748148 0.732812 0.737963
2 0.951562 0.337963 0.919792 0.337963 0.919271 0.349074 0.907292 0.354630 0.906771 0.357407 0.901042 0.357407 0.900521 0.360185 0.882292 0.360185 0.881771 0.362963 0.874479 0.362963 0.873958 0.365741 0.866667 0.365741 0.866146 0.368519 0.844792 0.374074 0.839583 0.379630 0.821354 0.379630 0.821354 0.436111 0.846875 0.436111 0.847396 0.433333 0.868750 0.433333 0.869271 0.430556 0.917188 0.427778 0.922396 0.422222 0.946875 0.419444 0.947396 0.416667 0.950000 0.416667 0.953125 0.408333 0.953125 0.396296 0.951562 0.395370
2 0.715104 0.682407 0.715104 0.736111 0.722396 0.736111 0.722917 0.738889 0.724479 0.739815 0.724479 0.741667 0.728646 0.741667 0.729167 0.744444 0.731771 0.744444 0.732292 0.747222 0.733333 0.747222 0.733854 0.750000 0.735417 0.750926 0.735417 0.752778 0.739583 0.752778 0.740104 0.755556 0.741667 0.756481 0.741667 0.758333 0.744271 0.758333 0.744792 0.772222 0.759375 0.772222 0.759375 0.724074 0.753646 0.724074 0.753125 0.721296 0.750521 0.721296 0.750000 0.718519 0.747396 0.718519 0.746875 0.715741 0.745833 0.715741 0.745313 0.712963 0.743750 0.712037 0.743750 0.710185 0.741146 0.710185 0.740625 0.707407 0.738021 0.707407 0.737500 0.704630 0.736458 0.704630 0.735938 0.701852 0.734375 0.700926 0.734375 0.699074 0.731771 0.699074 0.731250 0.696296 0.729688 0.695370 0.729688 0.682407
2 0.959375 0.260185 0.919792 0.260185 0.919792 0.270370 0.909896 0.279630 0.904167 0.279630 0.903646 0.282407 0.899479 0.282407 0.889583 0.290741 0.866667 0.296296 0.866146 0.299074 0.851042 0.304630 0.850521 0.307407 0.844792 0.307407 0.839583 0.312963 0.821354 0.315741 0.821354 0.380556 0.835938 0.380556 0.841146 0.375000 0.856250 0.372222 0.856771 0.369444 0.868750 0.366667 0.869271 0.363889 0.890625 0.361111 0.891146 0.358333 0.915625 0.352778 0.916146 0.350000 0.923438 0.350000 0.923958 0.347222 0.937500 0.344444 0.938021 0.341667 0.948438 0.341667 0.951562 0.333333 0.953125 0.281481 0.959375 0.280556
2 0.677604 0.693519 0.677604 0.708333 0.683333 0.708333 0.683854 0.711111 0.685417 0.712037 0.685417 0.716667 0.686979 0.717593 0.686979 0.727778 0.688021 0.727778 0.688542 0.730556 0.691146 0.730556 0.691667 0.733333 0.694271 0.733333 0.694792 0.738889 0.697396 0.738889 0.697917 0.741667 0.700521 0.741667 0.701042 0.744444 0.703646 0.744444 0.704167 0.747222 0.705729 0.748148 0.705729 0.761111 0.714063 0.761111 0.714063 0.745370 0.715625 0.744444 0.715625 0.724074 0.714063 0.723148 0.714063 0.718519 0.711458 0.718519 0.710938 0.715741 0.706771 0.715741 0.706250 0.712963 0.703646 0.712963 0.703125 0.710185 0.700521 0.710185 0.700000 0.707407 0.698438 0.706481 0.698438 0.693519
2 0.827604 0.560185 0.827604 0.611111 0.834896 0.611111 0.838542 0.616667 0.855208 0.619444 0.855729 0.622222 0.859896 0.622222 0.865104 0.627778 0.881771 0.630556 0.882292 0.633333 0.888021 0.633333 0.893229 0.638889 0.911458 0.641667 0.911979 0.644444 0.925521 0.647222 0.926042 0.650000 0.937500 0.650000 0.942708 0.644444 0.953125 0.644444 0.953125 0.615741 0.946875 0.614815 0.953125 0.613889 0.953125 0.590741 0.944271 0.590741 0.940625 0.584259 0.940625 0.575926 0.943750 0.572222 0.943750 0.560185
2 0.677604 0.660185 0.677604 0.686111 0.684896 0.686111 0.685417 0.687037 0.685417 0.694444 0.686458 0.694444 0.686979 0.697222 0.691146 0.697222 0.691667 0.700000 0.694271 0.700000 0.694792 0.702778 0.696354 0.703704 0.696354 0.705556 0.698958 0.705556 0.699479 0.708333 0.702083 0.708333 0.702604 0.711111 0.705208 0.711111 0.705729 0.713889 0.708333 0.713889 0.708854 0.716667 0.710938 0.716667 0.711458 0.713889 0.714063 0.713889 0.714063 0.698148 0.715625 0.697222 0.715625 0.689815 0.716146 0.688889 0.721875 0.688889 0.721875 0.671296 0.715104 0.671296 0.714583 0.674074 0.711979 0.674074 0.711458 0.676852 0.709896 0.676852 0.709375 0.674074 0.703646 0.674074 0.703125 0.671296 0.701562 0.670370 0.701562 0.660185
2 0.758854 0.749074 0.758854 0.783333 0.766146 0.783333 0.766667 0.786111 0.770833 0.786111 0.771354 0.788889 0.773958 0.788889 0.776042 0.794444 0.781771 0.797222 0.783854 0.800926 0.783854 0.805556 0.786458 0.805556 0.788542 0.811111 0.791146 0.811111 0.791667 0.813889 0.794271 0.813889 0.796354 0.819444 0.800521 0.819444 0.801042 0.822222 0.803646 0.822222 0.804167 0.825000 0.806771 0.825000 0.807292 0.827778 0.809896 0.827778 0.810417 0.830556 0.814583 0.830556 0.815104 0.833333 0.817708 0.833333 0.821354 0.841667 0.823958 0.841667 0.824479 0.844444 0.834375 0.844444 0.834375 0.782407 0.817708 0.782407 0.817187 0.779630 0.808333 0.776852 0.807813 0.774074 0.805208 0.774074 0.804688 0.771296 0.802083 0.771296 0.801562 0.768519 0.797396 0.768519 0.796875 0.765741 0.791146 0.762963 0.789062 0.759259 0.789062 0.749074
2 0.646354 0.560185 0.646354 0.586111 0.658333 0.586111 0.658854 0.588889 0.669271 0.588889 0.669792 0.591667 0.673958 0.591667 0.674479 0.594444 0.678646 0.594444 0.679167 0.597222 0.686458 0.597222 0.686979 0.600000 0.692708 0.600000 0.693229 0.602778 0.697396 0.602778 0.697917 0.605556 0.699479 0.606481 0.699479 0.616667 0.706250 0.616667 0.706250 0.603704 0.707812 0.602778 0.707812 0.598148 0.709375 0.597222 0.709375 0.587037 0.715625 0.586111 0.715625 0.579630 0.709375 0.578704 0.709375 0.560185
2 0.708854 0.537963 0.708854 0.575000 0.714583 0.575000 0.718229 0.580556 0.725521 0.580556 0.726042 0.583333 0.738021 0.586111 0.738542 0.588889 0.742708 0.588889 0.744792 0.594444 0.752083 0.594444 0.755729 0.600000 0.764583 0.600000 0.765104 0.602778 0.775521 0.605556 0.776042 0.608333 0.789583 0.608333 0.790104 0.611111 0.802083 0.611111 0.802604 0.613889 0.836458 0.613889 0.836979 0.616667 0.846875 0.616667 0.846875 0.537963
2 0.000000 0.749074 0.000000 0.794444 0.029687 0.794444 0.030208 0.783333 0.054688 0.783333 0.055208 0.780556 0.062500 0.780556 0.063021 0.777778 0.065625 0.777778 0.066146 0.775000 0.071875 0.775000 0.071875 0.737963 0.005729 0.737963 0.005729 0.748148
2 0.658854 0.560185 0.658854 0.588889 0.670833 0.588889 0.671354 0.591667 0.675521 0.591667 0.676042 0.594444 0.678646 0.594444 0.679167 0.597222 0.688021 0.597222 0.688542 0.600000 0.694271 0.600000 0.694792 0.602778 0.698958 0.602778 0.699479 0.605556 0.701042 0.606481 0.701042 0.616667 0.706250 0.616667 0.706250 0.603704 0.707812 0.602778 0.707812 0.598148 0.709375 0.597222 0.709375 0.587037 0.715625 0.586111 0.715625 0.579630 0.709375 0.578704 0.709375 0.560185
2 0.808854 0.426852 0.808854 0.505556 0.820312 0.505556 0.820833 0.502778 0.843750 0.505556 0.844271 0.502778 0.847396 0.502778 0.847917 0.505556 0.861458 0.505556 0.861979 0.516667 0.915625 0.516667 0.915625 0.506481 0.919271 0.502778 0.946875 0.500000 0.947396 0.497222 0.953125 0.497222 0.954688 0.491667 0.954688 0.426852
2 0.646354 0.593519 0.646354 0.605556 0.652083 0.605556 0.652604 0.608333 0.655208 0.608333 0.655729 0.611111 0.658333 0.611111 0.658854 0.613889 0.660417 0.614815 0.660417 0.616667 0.664583 0.616667 0.665104 0.619444 0.672396 0.619444 0.672917 0.622222 0.678646 0.622222 0.679167 0.625000 0.681771 0.625000 0.682292 0.627778 0.684896 0.627778 0.685417 0.630556 0.689583 0.630556 0.690104 0.633333 0.695833 0.633333 0.696354 0.636111 0.698958 0.636111 0.699479 0.638889 0.701042 0.639815 0.701042 0.650000 0.706250 0.650000 0.706250 0.639815 0.707812 0.638889 0.707812 0.634259 0.709375 0.633333 0.709375 0.615741 0.707812 0.614815 0.707812 0.610185 0.706250 0.609259 0.706250 0.604630 0.704688 0.603704 0.704688 0.593519
2 0.658854 0.626852 0.658854 0.647222 0.666146 0.647222 0.666667 0.650000 0.668229 0.650926 0.668229 0.652778 0.672396 0.652778 0.672917 0.655556 0.677083 0.655556 0.677604 0.658333 0.680208 0.658333 0.680729 0.661111 0.683333 0.661111 0.683854 0.663889 0.688021 0.663889 0.688542 0.666667 0.692708 0.666667 0.693229 0.669444 0.694792 0.670370 0.694792 0.672222 0.698958 0.672222 0.699479 0.675000 0.705208 0.675000 0.705729 0.677778 0.708333 0.677778 0.708854 0.680556 0.715625 0.680556 0.715625 0.626852
2 0.652604 0.671296 0.652604 0.694444 0.658333 0.694444 0.658854 0.697222 0.661458 0.697222 0.661979 0.700000 0.663542 0.700926 0.663542 0.705556 0.666146 0.705556 0.666667 0.708333 0.669271 0.708333 0.669792 0.711111 0.675521 0.711111 0.676042 0.713889 0.677604 0.714815 0.677604 0.727778 0.684375 0.727778 0.684375 0.710185 0.678646 0.710185 0.678125 0.709259 0.678125 0.695370 0.678646 0.694444 0.684375 0.694444 0.684375 0.671296
2 0.840104 0.793519 0.840104 0.852778 0.848958 0.852778 0.855208 0.858333 0.857292 0.863889 0.867708 0.869444 0.869792 0.875000 0.880208 0.877778 0.882292 0.883333 0.892708 0.888889 0.894792 0.894444 0.903646 0.900000 0.913542 0.916667 0.922396 0.922222 0.926042 0.930556 0.933333 0.936111 0.933854 0.950000 0.959375 0.950000 0.959375 0.865741 0.952604 0.865741 0.952083 0.868519 0.931771 0.865741 0.929688 0.860185 0.920833 0.857407 0.915625 0.849074 0.906771 0.843519 0.903125 0.835185 0.892708 0.832407 0.885938 0.824074 0.878646 0.821296 0.873437 0.812963 0.866146 0.810185 0.862500 0.803704 0.862500 0.793519
