2 0.683854 0.737963 0.683854 0.791667 0.689583 0.791667 0.691667 0.797222 0.694271 0.797222 0.707292 0.822222 0.709896 0.822222 0.710417 0.825000 0.713021 0.825000 0.713542 0.827778 0.719271 0.830556 0.727604 0.847222 0.731771 0.847222 0.733854 0.850926 0.733854 0.861111 0.740625 0.861111 0.740625 0.850926 0.747396 0.838889 0.753125 0.838889 0.753125 0.815741 0.747396 0.815741 0.745313 0.812037 0.745313 0.807407 0.743750 0.806481 0.743750 0.801852 0.742188 0.799074 0.739583 0.799074 0.739062 0.796296 0.734896 0.796296 0.732812 0.790741 0.730208 0.790741 0.728125 0.785185 0.725521 0.785185 0.723437 0.779630 0.717708 0.776852 0.714063 0.768519 0.711458 0.768519 0.710938 0.765741 0.708333 0.765741 0.706250 0.760185 0.703646 0.760185 0.698438 0.750926 0.698438 0.737963
2 0.746354 0.815741 0.746354 0.875000 0.753646 0.875000 0.755729 0.880556 0.758333 0.880556 0.758854 0.883333 0.767708 0.888889 0.769792 0.894444 0.772396 0.894444 0.786979 0.919444 0.792708 0.922222 0.794792 0.927778 0.808333 0.938889 0.811979 0.948148 0.811979 0.952778 0.818229 0.963889 0.820833 0.963889 0.821354 0.966667 0.835938 0.966667 0.835938 0.923148 0.842708 0.913889 0.853125 0.913889 0.853125 0.887963 0.845833 0.887963 0.839063 0.876852 0.833333 0.874074 0.817187 0.846296 0.794271 0.846296 0.793750 0.843519 0.788021 0.843519 0.784375 0.837963 0.780208 0.837963 0.776563 0.832407 0.772396 0.832407 0.771875 0.829630 0.766146 0.826852 0.765625 0.815741
2 0.328125 0.715741 0.308854 0.715741 0.308854 0.725926 0.307292 0.726852 0.307292 0.731481 0.305729 0.732407 0.305729 0.734259 0.304167 0.735185 0.304167 0.737037 0.302604 0.737963 0.302604 0.739815 0.301042 0.740741 0.301042 0.742593 0.299479 0.743519 0.299479 0.745370 0.297917 0.746296 0.297396 0.749074 0.294792 0.749074 0.294792 0.750926 0.293229 0.751852 0.293229 0.753704 0.291667 0.754630 0.291146 0.757407 0.283854 0.757407 0.283854 0.802778 0.290625 0.802778 0.291146 0.800000 0.293750 0.800000 0.294271 0.797222 0.296875 0.797222 0.296875 0.795370 0.298438 0.794444 0.298438 0.792593 0.300000 0.791667 0.300000 0.789815 0.301563 0.788889 0.301563 0.787037 0.303125 0.786111 0.303125 0.784259 0.304688 0.783333 0.304688 0.781481 0.306250 0.780556 0.306250 0.778704 0.307812 0.777778 0.308333 0.775000 0.310937 0.775000 0.310937 0.773148 0.312500 0.772222 0.313021 0.766667 0.315625 0.766667 0.315625 0.764815 0.317188 0.763889 0.317188 0.762037 0.318750 0.761111 0.319271 0.758333 0.321875 0.758333 0.322396 0.755556 0.328125 0.755556
2 0.652604 0.715741 0.652604 0.750000 0.658333 0.750000 0.658854 0.752778 0.661458 0.752778 0.661979 0.755556 0.663021 0.755556 0.663542 0.758333 0.664583 0.758333 0.665104 0.761111 0.666667 0.762037 0.666667 0.763889 0.670833 0.763889 0.671354 0.766667 0.672396 0.766667 0.672917 0.769444 0.673958 0.769444 0.674479 0.772222 0.676042 0.773148 0.676042 0.775000 0.679688 0.775000 0.679688 0.773148 0.681250 0.772222 0.681250 0.767593 0.682813 0.766667 0.682813 0.762037 0.684375 0.761111 0.684896 0.758333 0.685937 0.758333 0.685937 0.753704 0.687500 0.752778 0.687500 0.748148 0.689063 0.747222 0.689583 0.741667 0.696875 0.741667 0.696875 0.715741
2 0.271875 0.760185 0.244792 0.760185 0.244792 0.773148 0.243229 0.774074 0.243229 0.781481 0.241667 0.782407 0.241667 0.787037 0.240104 0.787963 0.234896 0.799074 0.232292 0.799074 0.231771 0.801852 0.229167 0.801852 0.228646 0.804630 0.226042 0.804630 0.225521 0.807407 0.222917 0.807407 0.222396 0.810185 0.215104 0.810185 0.215104 0.880556 0.223438 0.880556 0.223958 0.877778 0.229687 0.875000 0.238021 0.858333 0.240625 0.858333 0.240625 0.856481 0.250000 0.841667 0.250000 0.837037 0.251563 0.836111 0.259896 0.819444 0.262500 0.819444 0.262500 0.817593 0.264062 0.816667 0.264062 0.812037 0.265625 0.811111 0.266146 0.808333 0.271875 0.808333
2 0.608854 0.649074 0.608854 0.691667 0.616146 0.691667 0.616667 0.694444 0.617708 0.694444 0.618229 0.697222 0.619792 0.698148 0.619792 0.700000 0.622396 0.700000 0.622917 0.702778 0.623958 0.702778 0.624479 0.705556 0.626042 0.706481 0.626042 0.716667 0.634375 0.716667 0.634375 0.665741 0.627083 0.665741 0.626563 0.662963 0.625521 0.662963 0.625000 0.660185 0.623437 0.659259 0.623437 0.649074
2 0.765104 0.782407 0.765104 0.830556 0.772396 0.830556 0.772917 0.833333 0.775521 0.833333 0.776042 0.836111 0.778646 0.836111 0.779167 0.838889 0.781771 0.838889 0.782292 0.850000 0.818750 0.850000 0.818750 0.782407
2 0.271354 0.782407 0.271354 0.825000 0.279687 0.825000 0.279687 0.823148 0.280208 0.822222 0.282813 0.822222 0.282813 0.820370 0.283333 0.819444 0.290625 0.819444 0.290625 0.782407
2 0.633854 0.687963 0.633854 0.727778 0.641146 0.727778 0.641667 0.730556 0.643229 0.731481 0.643229 0.733333 0.645833 0.733333 0.646354 0.736111 0.647396 0.736111 0.647917 0.738889 0.649479 0.739815 0.649479 0.750000 0.659375 0.750000 0.659375 0.704630 0.652083 0.704630 0.651563 0.701852 0.648958 0.701852 0.648438 0.699074 0.645833 0.699074 0.645312 0.696296 0.644271 0.696296 0.643750 0.693519 0.642708 0.693519 0.642188 0.690741 0.640625 0.689815 0.640625 0.687963
2 0.278125 0.804630 0.257292 0.804630 0.257292 0.820370 0.255729 0.821296 0.255729 0.825926 0.254167 0.826852 0.248958 0.837963 0.247917 0.837963 0.247917 0.842593 0.246354 0.843519 0.246354 0.845370 0.244792 0.846296 0.244792 0.848148 0.243229 0.849074 0.243229 0.850926 0.241667 0.851852 0.236458 0.862963 0.233854 0.862963 0.228646 0.874074 0.221354 0.874074 0.221354 0.916667 0.228125 0.916667 0.228125 0.914815 0.229687 0.913889 0.229687 0.909259 0.232813 0.905556 0.232813 0.900926 0.234375 0.900000 0.238021 0.891667 0.240625 0.891667 0.242708 0.886111 0.245312 0.886111 0.245312 0.884259 0.248438 0.880556 0.248438 0.875926 0.250000 0.875000 0.250521 0.872222 0.253125 0.872222 0.253125 0.867593 0.254688 0.866667 0.256771 0.861111 0.259375 0.861111 0.261458 0.855556 0.264062 0.855556 0.264583 0.852778 0.267188 0.852778 0.267188 0.850926 0.268750 0.850000 0.268750 0.845370 0.270313 0.844444 0.270313 0.839815 0.271875 0.838889 0.272396 0.833333 0.278125 0.833333
