2 0.727604 0.637963 0.727604 0.652778 0.736458 0.652778 0.736979 0.655556 0.741146 0.655556 0.743229 0.659259 0.738542 0.671296 0.738542 0.686111 0.744792 0.700000 0.747396 0.700000 0.755729 0.713889 0.758333 0.713889 0.765104 0.722222 0.769271 0.722222 0.774479 0.730556 0.783333 0.736111 0.785417 0.739815 0.785417 0.747222 0.786979 0.748148 0.786979 0.761111 0.803125 0.761111 0.803125 0.687963 0.795833 0.687963 0.790625 0.679630 0.777083 0.676852 0.776563 0.674074 0.769271 0.671296 0.768750 0.665741 0.759896 0.665741 0.759375 0.662963 0.756250 0.662037 0.758333 0.655556 0.784375 0.655556 0.784896 0.652778 0.785417 0.655556 0.790625 0.655556 0.792188 0.652778 0.792188 0.637963
2 0.733854 0.782407 0.733854 0.833333 0.741146 0.833333 0.741667 0.836111 0.744271 0.836111 0.747917 0.844444 0.750521 0.844444 0.757292 0.858333 0.759896 0.858333 0.761979 0.863889 0.764583 0.863889 0.765104 0.866667 0.770833 0.869444 0.779167 0.886111 0.781771 0.886111 0.783854 0.891667 0.786458 0.891667 0.788542 0.897222 0.794271 0.897222 0.794792 0.900000 0.809375 0.900000 0.809375 0.860185 0.803646 0.860185 0.803125 0.857407 0.800521 0.857407 0.800000 0.854630 0.791146 0.851852 0.790625 0.849074 0.788021 0.849074 0.785937 0.843519 0.783333 0.843519 0.782813 0.840741 0.780208 0.840741 0.779687 0.837963 0.773958 0.835185 0.770312 0.826852 0.767708 0.826852 0.765625 0.821296 0.763021 0.821296 0.759375 0.812963 0.756771 0.812963 0.746875 0.795370 0.746875 0.782407
2 0.727604 0.604630 0.727604 0.650000 0.742708 0.652778 0.743229 0.655556 0.747396 0.655556 0.747917 0.658333 0.750521 0.658333 0.751042 0.661111 0.753646 0.661111 0.754167 0.663889 0.759896 0.663889 0.761979 0.669444 0.764583 0.669444 0.765104 0.672222 0.770833 0.672222 0.771354 0.675000 0.778646 0.675000 0.779167 0.677778 0.781771 0.677778 0.790104 0.692593 0.790104 0.705556 0.798438 0.705556 0.798438 0.687963 0.796875 0.687037 0.796875 0.682407 0.795312 0.681481 0.795312 0.670370 0.798438 0.666667 0.798438 0.645370 0.800000 0.644444 0.800000 0.635185 0.796875 0.631481 0.796875 0.626852 0.795312 0.625926 0.800000 0.619444 0.800000 0.604630
2 0.334375 0.737963 0.310417 0.737963 0.310417 0.748148 0.308854 0.749074 0.306771 0.754630 0.304167 0.754630 0.303646 0.757407 0.299479 0.757407 0.298958 0.760185 0.283333 0.760185 0.282813 0.757407 0.271354 0.757407 0.271354 0.805556 0.303125 0.805556 0.303125 0.795370 0.304688 0.794444 0.305208 0.791667 0.307812 0.791667 0.308333 0.788889 0.310937 0.788889 0.310937 0.787037 0.312500 0.786111 0.312500 0.784259 0.314063 0.783333 0.314063 0.781481 0.315625 0.780556 0.317708 0.775000 0.320312 0.775000 0.320312 0.773148 0.321875 0.772222 0.321875 0.767593 0.323437 0.766667 0.325521 0.761111 0.326562 0.761111 0.327083 0.755556 0.334375 0.755556
2 0.715104 0.537963 0.715104 0.555556 0.720833 0.555556 0.722917 0.561111 0.725521 0.561111 0.726042 0.563889 0.728646 0.563889 0.729167 0.566667 0.736458 0.566667 0.736979 0.569444 0.766146 0.569444 0.766667 0.572222 0.798438 0.572222 0.798958 0.569444 0.801562 0.569444 0.802083 0.566667 0.809375 0.566667 0.809375 0.532407 0.803646 0.532407 0.801562 0.528704 0.801562 0.515741 0.743229 0.515741 0.742708 0.526852 0.733854 0.526852 0.733333 0.529630 0.724479 0.532407 0.723958 0.535185 0.721354 0.535185 0.720833 0.537963
2 0.741667 0.693519 0.741667 0.706481 0.740104 0.707407 0.740104 0.714815 0.736979 0.721296 0.736979 0.733333 0.738542 0.734259 0.738542 0.738889 0.744271 0.741667 0.749479 0.752778 0.752083 0.752778 0.757292 0.763889 0.761458 0.763889 0.761979 0.766667 0.767708 0.769444 0.769792 0.775000 0.773958 0.775000 0.774479 0.777778 0.777083 0.777778 0.777604 0.780556 0.780208 0.780556 0.783854 0.786111 0.789583 0.786111 0.790104 0.788889 0.803125 0.788889 0.803125 0.746296 0.795833 0.746296 0.790625 0.735185 0.788021 0.735185 0.787500 0.732407 0.784896 0.732407 0.784375 0.729630 0.781771 0.729630 0.778125 0.724074 0.772396 0.724074 0.771875 0.721296 0.769271 0.721296 0.768750 0.718519 0.766146 0.718519 0.764062 0.714815 0.767188 0.713889 0.767708 0.711111 0.781250 0.711111 0.784375 0.705556 0.784375 0.693519 0.760417 0.693519 0.759896 0.707407 0.757812 0.706481 0.757812 0.693519
2 0.271354 0.725000 0.295312 0.725000 0.295833 0.722222 0.304688 0.722222 0.305208 0.719444 0.310937 0.716667 0.313021 0.711111 0.315625 0.711111 0.322396 0.697222 0.326562 0.697222 0.330208 0.688889 0.335938 0.686111 0.338021 0.680556 0.340625 0.680556 0.341146 0.677778 0.346875 0.677778 0.346875 0.660185 0.327604 0.660185 0.327604 0.673148 0.326042 0.674074 0.322396 0.682407 0.320833 0.682407 0.320312 0.679630 0.318750 0.678704 0.318750 0.671296 0.317188 0.670370 0.317188 0.660185 0.271354 0.660185
2 0.183854 0.012963 0.183854 0.027778 0.191146 0.027778 0.191667 0.030556 0.203646 0.030556 0.204167 0.033333 0.206771 0.033333 0.210417 0.038889 0.216146 0.038889 0.216667 0.041667 0.231250 0.041667 0.231771 0.038889 0.236458 0.038889 0.236979 0.041667 0.245833 0.044444 0.247917 0.050000 0.253646 0.052778 0.258854 0.063889 0.261458 0.063889 0.263542 0.067593 0.263542 0.072222 0.265104 0.075000 0.267708 0.075000 0.271354 0.081481 0.271354 0.086111 0.278125 0.086111 0.278125 0.051852 0.272396 0.051852 0.270313 0.048148 0.270313 0.037963 0.268750 0.037037 0.268750 0.032407 0.264062 0.025926 0.264062 0.021296 0.257812 0.010185 0.255208 0.010185 0.251563 0.003704 0.251563 0.000000 0.235417 0.000000 0.235417 0.003704 0.233333 0.007407 0.231771 0.007407 0.231250 0.004630 0.227083 0.004630 0.226562 0.000000 0.193229 0.000000 0.193229 0.006481 0.189583 0.012963
2 0.332813 0.693519 0.310417 0.693519 0.310417 0.709259 0.308854 0.710185 0.308854 0.714815 0.307292 0.715741 0.305208 0.721296 0.299479 0.721296 0.298958 0.724074 0.271354 0.724074 0.271354 0.761111 0.279687 0.761111 0.280208 0.758333 0.295312 0.758333 0.295833 0.755556 0.303125 0.755556 0.303646 0.752778 0.309375 0.752778 0.309896 0.750000 0.312500 0.750000 0.314583 0.744444 0.317188 0.744444 0.317188 0.742593 0.318750 0.741667 0.318750 0.739815 0.320312 0.738889 0.320312 0.737037 0.321875 0.736111 0.323958 0.730556 0.325000 0.730556 0.325000 0.714815 0.326562 0.713889 0.326562 0.712037 0.328125 0.711111 0.330208 0.705556 0.332813 0.705556
2 0.733854 0.737963 0.733854 0.786111 0.741146 0.786111 0.743229 0.791667 0.745833 0.791667 0.747917 0.797222 0.750521 0.797222 0.757292 0.811111 0.759896 0.811111 0.765104 0.822222 0.767708 0.822222 0.771354 0.830556 0.777083 0.833333 0.780729 0.841667 0.783333 0.841667 0.783854 0.844444 0.786458 0.844444 0.786979 0.847222 0.789583 0.847222 0.790104 0.850000 0.794271 0.850000 0.794792 0.852778 0.803125 0.852778 0.803125 0.787963 0.795833 0.787963 0.795312 0.785185 0.791146 0.785185 0.790625 0.782407 0.784896 0.782407 0.784375 0.779630 0.777083 0.779630 0.776563 0.776852 0.773958 0.776852 0.773438 0.774074 0.770833 0.774074 0.770312 0.771296 0.767708 0.771296 0.767188 0.768519 0.761458 0.765741 0.757812 0.757407 0.755208 0.757407 0.753125 0.751852 0.750000 0.750926 0.750000 0.737963
2 0.683854 0.604630 0.683854 0.636111 0.706771 0.636111 0.707292 0.638889 0.709896 0.638889 0.713542 0.644444 0.717708 0.644444 0.718229 0.647222 0.741146 0.652778 0.741667 0.655556 0.745833 0.655556 0.749479 0.661111 0.758333 0.663889 0.763542 0.672222 0.769271 0.672222 0.769792 0.675000 0.777083 0.675000 0.777604 0.677778 0.780208 0.677778 0.782292 0.681481 0.782292 0.694444 0.796875 0.694444 0.795312 0.670370 0.798438 0.663889 0.798438 0.651852 0.796875 0.650926 0.800000 0.644444 0.800000 0.635185 0.796875 0.631481 0.796875 0.620370 0.800000 0.616667 0.800000 0.604630
2 0.615104 0.626852 0.615104 0.672222 0.620833 0.672222 0.621354 0.675000 0.623958 0.675000 0.624479 0.677778 0.625521 0.677778 0.626042 0.680556 0.627604 0.681481 0.627604 0.683333 0.630208 0.683333 0.630729 0.686111 0.632292 0.687037 0.632292 0.688889 0.634896 0.688889 0.635417 0.691667 0.636458 0.691667 0.636979 0.694444 0.638542 0.695370 0.638542 0.697222 0.641146 0.697222 0.641667 0.700000 0.642708 0.700000 0.643229 0.702778 0.644792 0.703704 0.644792 0.716667 0.659375 0.716667 0.659375 0.690741 0.651563 0.689815 0.651563 0.682407 0.650000 0.681481 0.650000 0.671296 0.648438 0.670370 0.648438 0.665741 0.646875 0.664815 0.646875 0.660185 0.644271 0.660185 0.643750 0.657407 0.641146 0.657407 0.640625 0.654630 0.638021 0.654630 0.637500 0.649074 0.636458 0.649074 0.635938 0.646296 0.634375 0.645370 0.634375 0.643519 0.631250 0.642593 0.631250 0.637963 0.629687 0.637037 0.629687 0.626852
2 0.683854 0.574074 0.683854 0.625000 0.691146 0.625000 0.693229 0.628704 0.693229 0.638889 0.729688 0.638889 0.728125 0.618519 0.725000 0.614815 0.727083 0.608333 0.739583 0.608333 0.740104 0.611111 0.755208 0.613889 0.760417 0.619444 0.781771 0.625000 0.785417 0.628704 0.785417 0.638889 0.795312 0.638889 0.795833 0.627778 0.801562 0.625000 0.805208 0.616667 0.807813 0.616667 0.808333 0.611111 0.815625 0.611111 0.815625 0.587963 0.803646 0.587963 0.803125 0.579630 0.798438 0.571296 0.780208 0.571296 0.779687 0.560185 0.741667 0.560185 0.741667 0.570370 0.735417 0.571296 0.734896 0.574074 0.727083 0.571296 0.726562 0.560185 0.704167 0.560185 0.703646 0.571296
2 0.327604 0.682407 0.327604 0.738889 0.334375 0.738889 0.334375 0.737037 0.335938 0.736111 0.335938 0.734259 0.337500 0.733333 0.338021 0.730556 0.342187 0.730556 0.342187 0.728704 0.343750 0.727778 0.343750 0.723148 0.345313 0.722222 0.345833 0.719444 0.353125 0.719444 0.353125 0.682407
