2 0.002604 0.852778 0.028125 0.850000 0.071875 0.827778 0.092708 0.805556 0.115625 0.794444 0.156771 0.761111 0.184375 0.750000 0.184375 0.671296 0.151042 0.671296 0.151042 0.681481 0.145833 0.687963 0.047396 0.737963 0.033333 0.737963 0.029687 0.731481 0.043750 0.708333 0.040625 0.695370 0.045833 0.688889 0.071875 0.683333 0.071875 0.671296 0.002604 0.671296 0.002604 0.725000 0.016667 0.728704 0.002604 0.729630 0.002604 0.752778 0.039583 0.750000 0.041667 0.759259 0.021354 0.787963 0.014583 0.815741 0.002604 0.821296
2 0.000000 0.226852 0.000000 0.336111 0.034896 0.341667 0.046354 0.350000 0.069271 0.352778 0.086979 0.361111 0.117708 0.363889 0.130729 0.372222 0.159375 0.372222 0.159375 0.304630 0.138021 0.299074 0.129688 0.290741 0.113021 0.287963 0.104688 0.279630 0.089583 0.276852 0.084375 0.271296 0.067708 0.265741 0.060937 0.257407 0.042708 0.251852 0.029687 0.237037 0.029687 0.226852
2 0.790104 0.693519 0.790104 0.747222 0.798958 0.747222 0.799479 0.750000 0.802083 0.750000 0.802604 0.752778 0.806771 0.752778 0.807292 0.755556 0.809896 0.755556 0.810417 0.758333 0.813021 0.758333 0.813542 0.761111 0.816146 0.761111 0.816667 0.763889 0.819271 0.763889 0.819792 0.766667 0.823958 0.766667 0.824479 0.769444 0.827083 0.769444 0.827604 0.772222 0.830208 0.772222 0.830729 0.775000 0.834896 0.775000 0.835417 0.777778 0.838021 0.777778 0.838542 0.780556 0.842708 0.780556 0.843229 0.783333 0.845833 0.783333 0.846354 0.786111 0.852083 0.786111 0.852604 0.788889 0.856771 0.788889 0.857292 0.791667 0.861458 0.791667 0.861979 0.794444 0.871875 0.794444 0.871875 0.743519 0.863021 0.743519 0.862500 0.740741 0.859896 0.740741 0.859375 0.737963 0.856771 0.737963 0.856250 0.735185 0.853646 0.735185 0.853125 0.732407 0.850521 0.732407 0.850000 0.729630 0.847396 0.729630 0.846875 0.726852 0.844271 0.726852 0.843750 0.724074 0.839583 0.724074 0.839063 0.721296 0.833333 0.721296 0.832812 0.718519 0.828646 0.718519 0.828125 0.715741 0.823958 0.715741 0.823438 0.712963 0.814583 0.710185 0.810937 0.703704 0.810937 0.693519
2 0.184375 0.604630 0.127604 0.604630 0.127083 0.615741 0.111458 0.624074 0.080729 0.626852 0.055208 0.637963 0.040104 0.637963 0.030729 0.649074 0.032292 0.664815 0.028646 0.682407 0.025000 0.681481 0.023438 0.671296 0.019792 0.671296 0.016146 0.679630 0.002604 0.679630 0.002604 0.761111 0.020313 0.761111 0.022396 0.747222 0.107813 0.708333 0.120833 0.697222 0.139063 0.691667 0.158333 0.677778 0.173437 0.675000 0.178646 0.666667 0.184375 0.666667 0.184375 0.646296 0.178125 0.645370 0.178125 0.628704 0.184375 0.627778
2 0.790104 0.649074 0.790104 0.694444 0.798958 0.694444 0.799479 0.697222 0.805208 0.697222 0.807292 0.702778 0.809896 0.702778 0.810417 0.705556 0.814583 0.705556 0.815104 0.708333 0.817708 0.708333 0.818229 0.711111 0.820833 0.711111 0.821354 0.713889 0.823958 0.713889 0.824479 0.716667 0.833333 0.716667 0.833854 0.719444 0.838021 0.719444 0.838542 0.722222 0.841146 0.722222 0.841667 0.725000 0.844271 0.725000 0.844792 0.727778 0.847396 0.727778 0.847917 0.730556 0.852083 0.730556 0.852604 0.733333 0.855208 0.733333 0.857292 0.738889 0.863021 0.738889 0.863542 0.741667 0.867188 0.741667 0.867708 0.738889 0.870313 0.738889 0.870833 0.736111 0.878125 0.736111 0.878125 0.715741 0.871875 0.714815 0.871875 0.693519 0.870313 0.690741 0.867708 0.690741 0.865625 0.685185 0.861458 0.685185 0.860938 0.682407 0.856771 0.682407 0.856250 0.679630 0.845833 0.679630 0.845313 0.676852 0.839583 0.676852 0.839063 0.674074 0.833333 0.674074 0.832812 0.671296 0.827083 0.671296 0.826562 0.668519 0.819271 0.668519 0.818750 0.665741 0.814583 0.665741 0.814063 0.662963 0.811458 0.662963 0.809375 0.659259 0.809375 0.649074
2 0.181250 0.749074 0.157292 0.749074 0.157292 0.759259 0.105208 0.801852 0.082292 0.812963 0.064583 0.835185 0.046354 0.837963 0.049479 0.848148 0.033854 0.871296 0.027083 0.893519 0.011458 0.907407 0.002604 0.907407 0.002604 0.972222 0.026562 0.966667 0.059896 0.925000 0.097396 0.891667 0.110937 0.888889 0.119271 0.880556 0.141667 0.873148 0.139583 0.885185 0.127604 0.893519 0.119792 0.941667 0.131250 0.938889 0.131771 0.933333 0.159375 0.911111 0.175521 0.888889 0.190625 0.883333 0.190625 0.860185 0.184896 0.860185 0.182812 0.848148
2 0.733854 0.582407 0.733854 0.625000 0.741146 0.625000 0.741667 0.627778 0.747396 0.627778 0.747917 0.630556 0.755208 0.630556 0.755729 0.633333 0.758333 0.633333 0.758854 0.636111 0.763021 0.636111 0.763542 0.638889 0.765104 0.639815 0.765104 0.650000 0.768750 0.650000 0.768750 0.639815 0.771875 0.638889 0.771875 0.637037 0.773438 0.636111 0.773958 0.633333 0.775000 0.633333 0.775000 0.628704 0.776563 0.627778 0.776563 0.620370 0.778125 0.619444 0.778125 0.601852 0.777083 0.601852 0.776563 0.599074 0.773958 0.599074 0.773438 0.596296 0.763021 0.596296 0.762500 0.593519 0.759896 0.593519 0.759375 0.582407
2 0.002604 0.471296 0.002604 0.538889 0.022917 0.547222 0.046354 0.548148 0.018229 0.554630 0.015104 0.560185 0.015104 0.572222 0.118750 0.572222 0.120833 0.558333 0.129688 0.558333 0.135937 0.552778 0.135937 0.546296 0.128125 0.540741 0.080208 0.537963 0.088021 0.527778 0.111458 0.525000 0.126042 0.536111 0.162500 0.530556 0.160938 0.524074 0.130208 0.518519 0.130208 0.513889 0.139063 0.508333 0.140625 0.493519 0.119271 0.485185 0.115625 0.474074 0.104688 0.462963 0.080729 0.462963 0.066146 0.482407 0.053646 0.487963 0.020833 0.482407 0.012500 0.471296
2 0.171354 0.260185 0.171354 0.327778 0.202083 0.325000 0.202604 0.327778 0.217708 0.330556 0.227604 0.338889 0.239583 0.341667 0.244792 0.350000 0.255208 0.352778 0.258854 0.358333 0.272396 0.363889 0.277604 0.372222 0.286458 0.375000 0.291667 0.381481 0.291667 0.394444 0.309375 0.394444 0.309375 0.362963 0.302083 0.362963 0.298438 0.346296 0.289583 0.349074 0.284375 0.337963 0.275521 0.335185 0.270313 0.324074 0.267188 0.323148 0.265625 0.315741 0.256771 0.310185 0.254688 0.304630 0.244271 0.301852 0.239063 0.293519 0.225521 0.285185 0.223438 0.279630 0.208333 0.271296 0.207813 0.260185
2 0.000000 0.526852 0.000000 0.550000 0.074479 0.548148 0.057292 0.554630 0.054167 0.570370 0.044792 0.576852 0.039583 0.596296 0.000000 0.596296 0.000000 0.647222 0.015625 0.650000 0.034896 0.638889 0.077083 0.627778 0.116146 0.630556 0.122917 0.641667 0.152083 0.644444 0.157292 0.650926 0.157292 0.661111 0.178125 0.661111 0.178125 0.610185 0.170313 0.606481 0.178125 0.602778 0.178125 0.540741 0.170833 0.540741 0.168750 0.526852 0.132292 0.526852 0.131771 0.537963 0.122396 0.540741 0.095833 0.537963 0.095312 0.526852
2 0.790104 0.749074 0.790104 0.788889 0.795833 0.788889 0.796354 0.791667 0.798958 0.791667 0.801042 0.797222 0.803646 0.797222 0.807292 0.805556 0.809896 0.805556 0.810417 0.808333 0.813021 0.808333 0.813542 0.811111 0.819271 0.813889 0.821354 0.819444 0.825521 0.819444 0.826042 0.822222 0.831771 0.825000 0.833854 0.830556 0.838021 0.830556 0.840104 0.836111 0.842708 0.836111 0.844792 0.841667 0.848958 0.841667 0.849479 0.844444 0.854688 0.844444 0.856250 0.841667 0.856250 0.828704 0.857812 0.827778 0.857812 0.823148 0.859375 0.822222 0.860938 0.812037 0.864583 0.805556 0.871875 0.805556 0.871875 0.793519 0.856771 0.790741 0.856250 0.787963 0.853646 0.787963 0.853125 0.785185 0.850521 0.785185 0.850000 0.782407 0.845833 0.782407 0.845313 0.779630 0.836458 0.776852 0.835938 0.774074 0.833333 0.774074 0.832812 0.771296 0.830208 0.771296 0.829688 0.768519 0.827083 0.768519 0.826562 0.765741 0.823958 0.765741 0.823438 0.762963 0.819271 0.762963 0.818750 0.760185 0.816146 0.760185 0.815625 0.749074
2 0.857812 0.182407 0.836979 0.182407 0.836979 0.192593 0.833333 0.199074 0.824479 0.201852 0.822396 0.207407 0.819792 0.207407 0.819271 0.210185 0.815104 0.210185 0.814583 0.212963 0.810417 0.212963 0.809896 0.215741 0.807292 0.215741 0.803646 0.221296 0.794792 0.224074 0.792708 0.229630 0.790104 0.229630 0.789583 0.232407 0.785417 0.232407 0.784896 0.235185 0.777604 0.235185 0.777604 0.261111 0.783333 0.261111 0.783854 0.269444 0.785417 0.270370 0.783333 0.274074 0.777604 0.274074 0.777604 0.294444 0.787500 0.294444 0.787500 0.281481 0.793750 0.277778 0.794271 0.275000 0.804688 0.275000 0.805208 0.272222 0.810937 0.272222 0.811458 0.269444 0.815625 0.269444 0.819271 0.263889 0.828125 0.261111 0.828646 0.258333 0.831250 0.258333 0.834896 0.252778 0.843750 0.250000 0.847396 0.244444 0.854688 0.244444 0.855208 0.241667 0.857812 0.241667
2 0.790104 0.582407 0.790104 0.616667 0.803646 0.616667 0.826042 0.630556 0.869271 0.630556 0.883854 0.641667 0.895833 0.641667 0.919792 0.652778 0.933333 0.652778 0.964583 0.666667 0.974479 0.677778 0.984375 0.677778 0.984375 0.651852 0.978125 0.650926 0.978125 0.612963 0.976562 0.612037 0.978646 0.600000 0.984375 0.600000 0.984375 0.582407
2 0.002604 0.326852 0.002604 0.438889 0.027083 0.438889 0.027604 0.441667 0.061458 0.444444 0.061979 0.447222 0.114583 0.447222 0.115104 0.450000 0.136458 0.450000 0.136979 0.452778 0.165625 0.447222 0.165625 0.376852 0.136458 0.374074 0.135937 0.371296 0.111458 0.368519 0.101562 0.362963 0.086458 0.362963 0.075000 0.354630 0.063021 0.354630 0.048438 0.346296 0.023958 0.340741 0.020313 0.337037 0.020313 0.326852
2 0.683854 0.501852 0.683854 0.516667 0.689583 0.516667 0.690104 0.527778 0.732812 0.527778 0.732812 0.514815 0.734896 0.511111 0.738542 0.517593 0.738542 0.527778 0.743750 0.527778 0.744271 0.516667 0.747917 0.517593 0.747917 0.527778 0.773438 0.527778 0.773438 0.517593 0.775521 0.513889 0.778125 0.513889 0.778646 0.511111 0.779167 0.513889 0.790625 0.513889 0.790625 0.471296 0.704167 0.471296 0.704167 0.486111 0.705729 0.487037 0.705729 0.495370 0.703646 0.499074
2 0.265104 0.549074 0.265104 0.616667 0.279687 0.616667 0.280208 0.613889 0.284375 0.613889 0.284896 0.611111 0.290625 0.611111 0.291146 0.608333 0.298438 0.608333 0.298958 0.605556 0.304688 0.605556 0.305208 0.602778 0.307812 0.602778 0.308333 0.600000 0.315625 0.600000 0.316146 0.597222 0.340625 0.597222 0.341146 0.594444 0.351562 0.594444 0.352083 0.591667 0.359375 0.591667 0.359375 0.549074
2 0.171354 0.204630 0.171354 0.269444 0.206771 0.266667 0.210417 0.272222 0.220833 0.275000 0.226042 0.283333 0.236458 0.288889 0.238542 0.294444 0.247396 0.297222 0.252604 0.305556 0.261458 0.308333 0.272917 0.327778 0.284896 0.333333 0.286979 0.338889 0.309375 0.344444 0.309375 0.315741 0.303646 0.315741 0.298438 0.301852 0.294271 0.301852 0.287500 0.290741 0.280208 0.287963 0.278125 0.282407 0.269271 0.276852 0.259375 0.257407 0.242708 0.243519 0.229687 0.224074 0.220833 0.218519 0.220312 0.204630
2 0.308854 0.154630 0.308854 0.161111 0.311458 0.161111 0.311979 0.163889 0.314583 0.163889 0.315104 0.166667 0.316146 0.166667 0.316667 0.169444 0.317708 0.169444 0.318229 0.172222 0.319792 0.173148 0.319792 0.175000 0.322396 0.175000 0.322917 0.177778 0.323958 0.177778 0.324479 0.180556 0.325521 0.180556 0.326042 0.183333 0.327604 0.184259 0.327604 0.186111 0.330208 0.186111 0.330729 0.188889 0.332292 0.189815 0.332292 0.194444 0.333333 0.194444 0.333854 0.197222 0.338021 0.197222 0.338542 0.200000 0.346875 0.200000 0.346875 0.168519 0.341146 0.168519 0.340625 0.165741 0.338021 0.165741 0.337500 0.162963 0.335938 0.162037 0.335938 0.160185 0.333333 0.160185 0.332813 0.157407 0.325521 0.157407 0.325000 0.154630 0.317708 0.154630 0.317188 0.151852 0.310417 0.151852 0.310417 0.153704
2 0.733854 0.626852 0.733854 0.658333 0.739583 0.658333 0.740104 0.661111 0.744271 0.661111 0.744792 0.663889 0.748958 0.663889 0.749479 0.666667 0.752083 0.666667 0.752604 0.669444 0.755208 0.669444 0.755729 0.672222 0.758333 0.672222 0.758854 0.675000 0.763021 0.675000 0.763542 0.677778 0.766146 0.677778 0.766667 0.680556 0.769792 0.681481 0.769792 0.694444 0.778125 0.694444 0.778125 0.643519 0.772396 0.643519 0.771875 0.640741 0.767708 0.640741 0.767188 0.637963 0.765625 0.637037 0.765625 0.626852
2 0.177604 0.571296 0.177604 0.650000 0.215625 0.650000 0.219271 0.644444 0.234375 0.638889 0.236458 0.633333 0.240625 0.633333 0.241146 0.630556 0.250000 0.627778 0.250521 0.625000 0.257812 0.622222 0.258333 0.619444 0.265625 0.619444 0.266146 0.616667 0.279687 0.616667 0.280208 0.613889 0.290625 0.613889 0.290625 0.571296
2 0.744792 0.693519 0.744792 0.706481 0.743229 0.707407 0.743229 0.709259 0.741667 0.710185 0.741667 0.712037 0.740104 0.712963 0.739583 0.715741 0.733854 0.715741 0.733854 0.730556 0.742708 0.730556 0.743229 0.733333 0.744271 0.733333 0.744792 0.736111 0.746354 0.737037 0.746354 0.738889 0.748958 0.738889 0.749479 0.741667 0.755208 0.741667 0.755729 0.744444 0.756771 0.744444 0.757292 0.747222 0.758854 0.748148 0.758854 0.750000 0.761458 0.750000 0.761979 0.752778 0.766146 0.752778 0.766667 0.755556 0.769271 0.755556 0.769792 0.758333 0.773438 0.758333 0.773438 0.756481 0.775000 0.755556 0.775521 0.752778 0.776563 0.752778 0.776563 0.746296 0.775000 0.745370 0.775000 0.726852 0.773438 0.725926 0.773438 0.721296 0.772396 0.721296 0.771875 0.718519 0.770312 0.717593 0.770312 0.693519
2 0.783854 0.526852 0.783854 0.569444 0.811979 0.573148 0.783854 0.585185 0.783854 0.608333 0.811458 0.613889 0.815104 0.617593 0.815104 0.627778 0.973437 0.627778 0.975521 0.602778 0.996875 0.605556 0.996875 0.526852
2 0.356250 0.693519 0.338542 0.693519 0.338542 0.703704 0.336979 0.704630 0.336979 0.706481 0.335417 0.707407 0.334896 0.710185 0.323958 0.710185 0.323437 0.707407 0.321875 0.706481 0.321875 0.704630 0.315104 0.704630 0.315104 0.761111 0.321875 0.761111 0.322396 0.758333 0.328125 0.758333 0.328646 0.755556 0.331250 0.755556 0.331771 0.752778 0.334375 0.752778 0.334896 0.750000 0.337500 0.750000 0.337500 0.748148 0.339062 0.747222 0.339583 0.744444 0.342187 0.744444 0.342187 0.742593 0.343750 0.741667 0.344271 0.738889 0.346875 0.738889 0.346875 0.737037 0.348438 0.736111 0.348958 0.733333 0.353125 0.733333 0.353125 0.731481 0.354687 0.730556 0.355208 0.727778 0.356250 0.727778
2 0.278125 0.615741 0.251042 0.615741 0.250521 0.629630 0.247917 0.629630 0.247396 0.632407 0.241667 0.632407 0.241146 0.635185 0.235417 0.635185 0.231771 0.640741 0.227604 0.640741 0.227083 0.643519 0.222917 0.643519 0.222396 0.646296 0.205729 0.649074 0.205208 0.651852 0.183854 0.651852 0.183854 0.716667 0.189583 0.716667 0.190104 0.719444 0.208333 0.719444 0.208854 0.722222 0.226562 0.719444 0.227083 0.716667 0.229687 0.716667 0.231771 0.711111 0.240625 0.705556 0.242708 0.700000 0.251563 0.694444 0.258333 0.683333 0.260937 0.683333 0.261458 0.680556 0.270313 0.675000 0.272396 0.669444 0.278125 0.669444
2 0.852604 0.860185 0.852604 0.911111 0.863021 0.913889 0.872917 0.930556 0.877083 0.930556 0.908854 0.972222 0.913021 0.972222 0.936458 0.991667 0.936979 0.999074 0.999479 0.999074 0.999479 0.924074 0.991146 0.921296 0.973437 0.901852 0.958854 0.901852 0.957292 0.910185 0.958854 0.928704 0.953646 0.937963 0.944271 0.937963 0.926562 0.921296 0.914583 0.915741 0.912500 0.910185 0.881771 0.882407 0.878125 0.874074 0.873958 0.874074 0.871875 0.870370 0.871875 0.860185
2 0.733854 0.726852 0.733854 0.766667 0.741146 0.766667 0.743229 0.772222 0.745833 0.772222 0.746354 0.775000 0.748958 0.775000 0.749479 0.777778 0.752604 0.781481 0.752604 0.783333 0.755208 0.783333 0.755729 0.786111 0.758333 0.786111 0.758854 0.788889 0.761458 0.788889 0.761979 0.794444 0.763021 0.794444 0.763542 0.797222 0.766146 0.797222 0.766667 0.800000 0.769271 0.800000 0.769792 0.802778 0.772917 0.806481 0.772917 0.816667 0.784375 0.816667 0.784375 0.771296 0.777083 0.771296 0.776563 0.768519 0.773958 0.768519 0.773438 0.765741 0.770312 0.762037 0.770312 0.760185 0.767708 0.760185 0.767188 0.757407 0.764583 0.757407 0.764062 0.754630 0.761458 0.754630 0.760938 0.751852 0.757812 0.748148 0.757812 0.746296 0.753646 0.746296 0.753125 0.743519 0.750521 0.743519 0.750000 0.740741 0.747396 0.740741 0.746875 0.737963 0.745313 0.737037 0.745313 0.726852
2 0.171354 0.326852 0.171354 0.400000 0.192188 0.402778 0.209896 0.394444 0.220833 0.394444 0.221354 0.397222 0.248958 0.402778 0.255729 0.408333 0.266146 0.408333 0.279167 0.419444 0.286458 0.419444 0.297917 0.427778 0.315625 0.427778 0.315625 0.326852 0.307292 0.326852 0.308854 0.348148 0.306771 0.351852 0.302083 0.351852 0.300000 0.346296 0.287500 0.340741 0.279167 0.340741 0.279167 0.355556 0.283854 0.359259 0.283333 0.371296 0.264583 0.362963 0.235937 0.340741 0.230208 0.340741 0.226562 0.337037 0.226562 0.326852
2 0.852604 0.626852 0.852604 0.686111 0.867708 0.686111 0.872917 0.694444 0.888021 0.700000 0.891667 0.705556 0.900521 0.708333 0.908854 0.716667 0.923958 0.719444 0.927604 0.725000 0.931771 0.725000 0.936979 0.730556 0.942708 0.730556 0.949479 0.738889 0.955208 0.738889 0.963542 0.747222 0.968750 0.747222 0.972396 0.741667 0.978125 0.741667 0.978125 0.707407 0.971875 0.706481 0.978125 0.705556 0.978125 0.676852 0.970833 0.676852 0.967187 0.668519 0.952083 0.665741 0.951562 0.662963 0.947396 0.662963 0.942187 0.657407 0.925521 0.657407 0.925000 0.654630 0.911458 0.651852 0.907813 0.646296 0.894271 0.643519 0.887500 0.637037 0.887500 0.626852
2 0.271354 0.666667 0.279687 0.666667 0.280208 0.663889 0.292187 0.661111 0.292708 0.658333 0.295312 0.658333 0.295833 0.655556 0.298438 0.655556 0.298958 0.652778 0.303125 0.652778 0.303646 0.650000 0.306250 0.650000 0.306771 0.647222 0.309375 0.647222 0.309896 0.644444 0.314063 0.644444 0.314583 0.641667 0.326562 0.641667 0.327083 0.638889 0.331250 0.638889 0.331771 0.636111 0.334375 0.636111 0.334896 0.633333 0.339062 0.633333 0.339583 0.630556 0.348438 0.627778 0.348958 0.625000 0.351562 0.625000 0.352083 0.622222 0.359375 0.622222 0.359375 0.593519 0.301042 0.593519 0.301042 0.603704 0.298958 0.607407 0.296354 0.607407 0.295833 0.610185 0.288542 0.610185 0.288021 0.612963 0.282292 0.612963 0.281771 0.615741 0.271354 0.615741
2 0.802604 0.626852 0.802604 0.663889 0.822396 0.663889 0.827604 0.672222 0.850521 0.677778 0.852604 0.683333 0.866146 0.686111 0.872917 0.694444 0.892708 0.702778 0.908854 0.716667 0.923958 0.719444 0.932292 0.727778 0.942708 0.730556 0.949479 0.738889 0.959896 0.741667 0.963542 0.747222 0.968750 0.747222 0.972396 0.738889 0.978125 0.738889 0.978125 0.718519 0.971875 0.717593 0.971875 0.703704 0.978125 0.702778 0.978125 0.676852 0.970833 0.676852 0.970313 0.671296 0.952083 0.665741 0.942187 0.657407 0.925521 0.657407 0.913021 0.651852 0.909375 0.646296 0.895833 0.643519 0.889062 0.637037 0.889062 0.626852
2 0.733854 0.660185 0.733854 0.697222 0.741146 0.697222 0.741667 0.700000 0.744271 0.700000 0.744792 0.702778 0.747396 0.702778 0.747917 0.705556 0.749479 0.706481 0.749479 0.708333 0.753646 0.708333 0.754167 0.711111 0.758333 0.711111 0.758854 0.713889 0.761458 0.713889 0.761979 0.716667 0.763021 0.716667 0.763542 0.719444 0.765104 0.720370 0.765104 0.722222 0.769271 0.722222 0.769792 0.725000 0.771354 0.725926 0.771354 0.738889 0.778125 0.738889 0.778125 0.682407 0.770833 0.682407 0.770312 0.679630 0.767708 0.679630 0.767188 0.676852 0.764583 0.676852 0.764062 0.674074 0.759896 0.674074 0.759375 0.671296 0.757812 0.670370 0.757812 0.660185
2 0.999479 0.460185 0.926042 0.460185 0.926042 0.470370 0.920833 0.474074 0.902604 0.474074 0.875521 0.485185 0.824479 0.482407 0.811458 0.487963 0.783854 0.487963 0.783854 0.522222 0.934896 0.527778 0.935417 0.538889 0.956250 0.538889 0.956771 0.527778 0.975521 0.527778 0.976042 0.538889 0.995313 0.538889 0.995313 0.528704 0.999479 0.525000
2 0.315104 0.660185 0.315104 0.727778 0.329688 0.727778 0.329688 0.714815 0.331250 0.713889 0.331771 0.711111 0.335938 0.711111 0.336458 0.708333 0.342187 0.708333 0.342187 0.706481 0.343750 0.705556 0.344271 0.702778 0.346875 0.702778 0.347396 0.700000 0.351562 0.700000 0.352083 0.697222 0.359375 0.697222 0.359375 0.660185
2 0.999479 0.026852 0.994792 0.026852 0.992708 0.040741 0.977604 0.046296 0.965104 0.057407 0.953646 0.085185 0.944792 0.090741 0.930208 0.110185 0.911979 0.124074 0.906771 0.132407 0.896354 0.137963 0.883333 0.154630 0.874479 0.157407 0.872396 0.162963 0.863542 0.168519 0.858333 0.179630 0.852604 0.179630 0.852604 0.191667 0.858333 0.191667 0.861979 0.203704 0.860417 0.238889 0.873437 0.238889 0.875521 0.225000 0.890625 0.216667 0.892708 0.211111 0.900000 0.208333 0.906771 0.200000 0.920312 0.194444 0.922396 0.188889 0.929688 0.186111 0.936458 0.175000 0.940625 0.175000 0.942708 0.169444 0.954688 0.161111 0.961458 0.150000 0.977083 0.136111 0.999479 0.130556
2 0.296354 0.082407 0.296354 0.119444 0.303646 0.119444 0.304167 0.122222 0.309896 0.122222 0.310417 0.125000 0.314583 0.125000 0.315104 0.127778 0.316667 0.128704 0.316667 0.130556 0.319271 0.130556 0.319792 0.133333 0.320833 0.133333 0.321354 0.136111 0.322396 0.136111 0.322917 0.138889 0.324479 0.139815 0.324479 0.141667 0.327083 0.141667 0.327604 0.144444 0.329167 0.145370 0.329167 0.147222 0.331771 0.147222 0.332292 0.152778 0.337500 0.152778 0.337500 0.148148 0.339062 0.147222 0.339062 0.129630 0.337500 0.128704 0.337500 0.124074 0.335938 0.123148 0.335938 0.118519 0.334896 0.118519 0.334375 0.115741 0.333333 0.115741 0.332813 0.112963 0.331771 0.112963 0.331250 0.110185 0.329688 0.109259 0.329688 0.104630 0.328646 0.104630 0.328125 0.101852 0.326562 0.100926 0.326562 0.096296 0.325000 0.095370 0.325000 0.082407
2 0.177604 0.515741 0.177604 0.591667 0.221875 0.591667 0.233333 0.580556 0.246875 0.580556 0.263021 0.569444 0.295312 0.569444 0.313021 0.561111 0.313542 0.570370 0.308333 0.576852 0.283854 0.576852 0.272917 0.582407 0.268229 0.593519 0.268229 0.605556 0.334375 0.605556 0.334375 0.515741 0.321354 0.515741 0.321354 0.525926 0.317708 0.529630 0.309896 0.526852 0.309375 0.515741 0.283854 0.515741 0.283854 0.525926 0.277083 0.529630 0.252083 0.529630 0.245312 0.525926 0.245312 0.515741
2 0.840104 0.526852 0.840104 0.616667 0.873437 0.616667 0.873437 0.604630 0.862500 0.584259 0.864583 0.580556 0.877083 0.580556 0.899479 0.591667 0.933333 0.594444 0.907292 0.601852 0.905729 0.616667 0.943750 0.616667 0.945833 0.602778 0.978646 0.602778 0.980729 0.616667 0.999479 0.616667 0.999479 0.579630 0.995313 0.573148 0.995313 0.526852
2 0.783854 0.782407 0.783854 0.825000 0.789583 0.825000 0.791667 0.830556 0.794271 0.830556 0.796354 0.836111 0.798958 0.836111 0.801042 0.841667 0.806771 0.844444 0.808854 0.850000 0.814583 0.852778 0.819792 0.863889 0.823958 0.863889 0.824479 0.866667 0.827083 0.866667 0.829167 0.872222 0.831771 0.872222 0.833854 0.877778 0.838021 0.877778 0.838542 0.880556 0.841146 0.880556 0.841667 0.883333 0.845833 0.883333 0.846354 0.886111 0.850000 0.886111 0.850000 0.884259 0.851562 0.883333 0.851562 0.854630 0.850521 0.854630 0.848437 0.849074 0.845833 0.849074 0.845313 0.843519 0.844271 0.843519 0.842187 0.837963 0.839583 0.837963 0.839063 0.835185 0.836458 0.835185 0.835938 0.832407 0.833333 0.832407 0.832812 0.829630 0.830208 0.829630 0.829688 0.826852 0.827083 0.826852 0.826562 0.824074 0.823958 0.824074 0.823438 0.821296 0.817708 0.818519 0.815625 0.812963 0.813021 0.812963 0.812500 0.810185 0.806771 0.807407 0.804688 0.801852 0.802083 0.801852 0.801562 0.799074 0.796875 0.792593 0.796875 0.782407
2 0.008854 0.854630 0.008854 0.999074 0.082812 0.999074 0.084896 0.991667 0.103646 0.980556 0.117708 0.980556 0.124479 0.999074 0.137500 0.999074 0.135937 0.984259 0.145833 0.958333 0.155208 0.958333 0.161979 0.966667 0.190625 0.958333 0.190625 0.849074 0.184896 0.849074 0.184375 0.837963 0.149479 0.837963 0.149479 0.848148 0.141146 0.860185 0.090104 0.893519 0.072396 0.915741 0.049479 0.929630 0.041146 0.943519 0.037500 0.937037 0.043750 0.927778 0.043750 0.914815 0.059896 0.877778 0.106250 0.855556 0.109375 0.837963 0.033854 0.837963 0.033333 0.849074
2 0.790104 0.371296 0.790104 0.411111 0.805208 0.411111 0.813542 0.417593 0.806771 0.424074 0.790104 0.424074 0.790104 0.447222 0.804688 0.444444 0.820833 0.422222 0.847396 0.419444 0.890625 0.430556 0.895833 0.416667 0.904687 0.425000 0.908333 0.411111 0.928646 0.405556 0.940104 0.414815 0.922396 0.432407 0.906771 0.432407 0.902604 0.426852 0.899479 0.450000 0.904167 0.455556 0.999479 0.455556 0.999479 0.371296 0.940104 0.371296 0.940104 0.381481 0.907292 0.390741 0.892708 0.401852 0.870313 0.400926 0.870833 0.391667 0.881250 0.383333 0.881250 0.371296
2 0.177604 0.526852 0.177604 0.594444 0.228125 0.591667 0.231771 0.583333 0.250000 0.580556 0.250521 0.577778 0.256250 0.577778 0.259896 0.572222 0.268750 0.572222 0.269271 0.569444 0.272396 0.569444 0.272917 0.572222 0.284375 0.572222 0.284375 0.526852 0.272917 0.526852 0.270833 0.529630 0.270313 0.526852 0.267188 0.525926 0.267188 0.515741 0.263542 0.515741 0.263542 0.525926 0.260417 0.526852 0.259896 0.529630 0.247396 0.526852 0.246875 0.515741 0.185417 0.515741 0.184896 0.526852
2 0.733854 0.549074 0.733854 0.588889 0.742708 0.588889 0.743229 0.591667 0.747396 0.591667 0.747917 0.594444 0.750521 0.594444 0.751042 0.605556 0.784375 0.605556 0.784375 0.549074
2 0.771354 0.119444 0.779687 0.119444 0.788021 0.102778 0.795312 0.097222 0.798438 0.091667 0.798438 0.087037 0.803125 0.083333 0.805208 0.075000 0.809375 0.075000 0.814583 0.063889 0.820312 0.061111 0.822396 0.055556 0.837500 0.052778 0.838021 0.050000 0.848958 0.050000 0.852604 0.063889 0.859375 0.063889 0.859375 0.018519 0.851562 0.017593 0.852083 0.013889 0.859375 0.013889 0.859375 0.000000 0.822917 0.000000 0.822396 0.007407 0.815104 0.007407 0.809896 0.015741 0.807813 0.014815 0.807813 0.000000 0.790104 0.000000 0.788542 0.019444 0.800521 0.019444 0.802604 0.023148 0.802604 0.028704 0.791667 0.037963 0.788542 0.043519 0.786979 0.053704 0.783333 0.057407 0.771354 0.054630
2 0.202604 0.911111 0.217188 0.913889 0.217708 0.911111 0.223438 0.911111 0.229687 0.905556 0.233333 0.897222 0.235937 0.897222 0.245833 0.877778 0.248438 0.877778 0.256250 0.863889 0.256250 0.859259 0.270833 0.833333 0.278125 0.827778 0.282813 0.819444 0.283333 0.813889 0.290625 0.813889 0.290625 0.782407 0.202604 0.782407 0.202604 0.822222 0.217188 0.819444 0.227083 0.805556 0.249479 0.803704 0.245833 0.810185 0.243229 0.810185 0.243229 0.814815 0.239583 0.821296 0.236979 0.821296 0.230208 0.835185 0.224479 0.835185 0.214583 0.846296 0.202604 0.846296
2 0.846354 0.282407 0.846354 0.405556 0.895312 0.397222 0.908333 0.388889 0.932813 0.386111 0.950521 0.375000 0.981250 0.375000 0.999479 0.369444 0.999479 0.282407 0.982292 0.282407 0.980208 0.296296 0.952604 0.301852 0.936458 0.312963 0.926042 0.312963 0.913021 0.324074 0.873958 0.337963 0.866146 0.337963 0.860938 0.331481 0.860938 0.312037 0.870833 0.300000 0.893750 0.294444 0.893750 0.282407
2 0.858854 0.582407 0.858854 0.630556 0.870833 0.630556 0.871354 0.633333 0.877083 0.633333 0.877604 0.636111 0.888021 0.638889 0.888542 0.641667 0.905208 0.644444 0.910417 0.650000 0.933333 0.652778 0.933854 0.655556 0.939583 0.655556 0.940104 0.658333 0.945833 0.658333 0.946354 0.661111 0.953646 0.661111 0.954167 0.663889 0.959896 0.663889 0.960417 0.666667 0.967708 0.669444 0.969792 0.673148 0.969792 0.683333 0.984375 0.683333 0.984375 0.651852 0.978646 0.651852 0.978125 0.640741 0.976562 0.639815 0.976562 0.603704 0.978646 0.600000 0.984375 0.600000 0.984375 0.582407
2 0.865104 0.693519 0.865104 0.738889 0.870833 0.738889 0.877604 0.750000 0.886458 0.752778 0.893229 0.761111 0.902083 0.763889 0.922917 0.783333 0.931771 0.786111 0.940104 0.797222 0.944271 0.797222 0.951042 0.805556 0.963021 0.808333 0.974479 0.819444 0.984375 0.819444 0.984375 0.693519 0.971354 0.693519 0.974479 0.731481 0.970833 0.749074 0.968750 0.743519 0.958333 0.743519 0.948438 0.735185 0.942708 0.735185 0.928125 0.721296 0.919271 0.721296 0.918750 0.718519 0.911458 0.718519 0.910937 0.715741 0.902083 0.712963 0.895312 0.703704 0.895312 0.693519
2 0.171354 0.449074 0.171354 0.494444 0.177083 0.494444 0.179167 0.513889 0.186458 0.516667 0.190104 0.522222 0.239063 0.522222 0.239583 0.519444 0.248438 0.519444 0.248958 0.516667 0.263021 0.516667 0.263542 0.519444 0.278646 0.519444 0.279167 0.522222 0.311458 0.519444 0.311979 0.522222 0.340625 0.525000 0.340625 0.479630 0.325521 0.476852 0.317188 0.468519 0.280208 0.465741 0.273438 0.459259 0.273438 0.449074
2 0.715104 0.549074 0.715104 0.583333 0.723958 0.583333 0.724479 0.586111 0.731250 0.586111 0.731771 0.583333 0.733333 0.583333 0.733854 0.586111 0.736458 0.586111 0.736979 0.588889 0.742708 0.588889 0.743229 0.591667 0.747396 0.591667 0.747917 0.594444 0.755208 0.594444 0.755729 0.597222 0.761458 0.597222 0.763542 0.602778 0.766667 0.603704 0.766667 0.616667 0.778125 0.616667 0.778125 0.606481 0.784375 0.605556 0.784375 0.549074
2 0.357812 0.726852 0.321354 0.726852 0.321354 0.741667 0.328646 0.741667 0.329167 0.747222 0.330729 0.748148 0.329167 0.749074 0.329167 0.753704 0.327604 0.754630 0.327083 0.757407 0.321354 0.757407 0.321354 0.794444 0.329688 0.794444 0.329688 0.789815 0.332813 0.788889 0.332813 0.787037 0.334375 0.786111 0.334375 0.784259 0.335938 0.783333 0.335938 0.781481 0.337500 0.780556 0.338021 0.777778 0.340625 0.777778 0.340625 0.775926 0.342187 0.775000 0.342708 0.772222 0.343750 0.772222 0.344271 0.766667 0.346875 0.766667 0.347396 0.763889 0.351562 0.763889 0.352083 0.761111 0.354687 0.761111 0.354687 0.756481 0.356250 0.755556 0.356250 0.742593 0.357812 0.741667
2 0.321354 0.626852 0.321354 0.677778 0.329688 0.677778 0.330208 0.675000 0.332813 0.675000 0.333333 0.672222 0.339062 0.672222 0.339583 0.669444 0.343750 0.669444 0.344271 0.666667 0.348438 0.666667 0.348958 0.663889 0.359375 0.663889 0.359375 0.626852
2 0.866667 0.760185 0.866667 0.778704 0.864583 0.782407 0.858854 0.782407 0.858854 0.797222 0.866146 0.797222 0.901042 0.830556 0.905208 0.830556 0.908854 0.838889 0.921354 0.850000 0.931771 0.852778 0.944271 0.863889 0.947917 0.872222 0.969271 0.888889 0.972917 0.897222 0.988021 0.911111 0.991667 0.917593 0.991667 0.927778 0.999479 0.927778 0.999479 0.835185 0.989583 0.832407 0.982812 0.824074 0.972396 0.821296 0.967187 0.812963 0.953125 0.804630 0.942708 0.801852 0.935937 0.790741 0.913021 0.776852 0.909375 0.770370 0.909375 0.760185
2 0.999479 0.215741 0.951042 0.215741 0.951042 0.225926 0.948958 0.229630 0.940104 0.232407 0.933333 0.240741 0.919792 0.243519 0.914583 0.251852 0.902604 0.254630 0.902604 0.259259 0.898958 0.262963 0.886979 0.265741 0.884896 0.271296 0.880729 0.271296 0.880208 0.274074 0.874479 0.274074 0.867708 0.279630 0.858854 0.279630 0.858854 0.336111 0.873437 0.336111 0.873958 0.333333 0.882812 0.333333 0.883333 0.330556 0.895312 0.330556 0.895833 0.327778 0.903125 0.327778 0.906771 0.322222 0.912500 0.322222 0.913021 0.319444 0.923438 0.319444 0.936458 0.308333 0.946875 0.308333 0.947396 0.305556 0.953125 0.305556 0.958333 0.300000 0.979688 0.297222 0.980208 0.294444 0.992188 0.291667 0.999479 0.283333
2 0.727604 0.515741 0.727604 0.544444 0.733333 0.544444 0.733854 0.547222 0.735417 0.548148 0.735417 0.550926 0.733854 0.551852 0.733333 0.554630 0.727604 0.554630 0.727604 0.572222 0.784375 0.572222 0.784375 0.515741
2 0.315625 0.671296 0.261979 0.671296 0.261979 0.681481 0.259896 0.685185 0.251042 0.690741 0.247396 0.699074 0.241667 0.701852 0.239583 0.707407 0.230729 0.712963 0.225521 0.721296 0.221354 0.721296 0.220833 0.724074 0.196354 0.724074 0.196354 0.786111 0.221875 0.786111 0.222396 0.783333 0.228125 0.783333 0.231771 0.775000 0.235937 0.775000 0.238021 0.769444 0.240625 0.769444 0.244271 0.763889 0.248438 0.763889 0.253646 0.752778 0.256250 0.752778 0.256771 0.750000 0.259375 0.750000 0.259896 0.747222 0.262500 0.747222 0.263021 0.744444 0.265625 0.744444 0.275521 0.733333 0.285938 0.730556 0.295833 0.713889 0.303125 0.716667 0.306771 0.702778 0.315625 0.702778
2 0.290625 0.726852 0.265104 0.726852 0.264583 0.740741 0.261979 0.740741 0.253646 0.754630 0.244792 0.760185 0.241146 0.768519 0.235417 0.771296 0.233333 0.776852 0.230729 0.776852 0.227083 0.782407 0.219792 0.782407 0.219271 0.785185 0.215104 0.785185 0.214583 0.787963 0.205208 0.787963 0.203125 0.782407 0.196354 0.782407 0.196354 0.847222 0.217188 0.847222 0.217708 0.844444 0.226562 0.841667 0.231771 0.833333 0.240625 0.827778 0.252083 0.808333 0.254688 0.808333 0.259896 0.797222 0.265625 0.794444 0.270833 0.786111 0.290625 0.788889
2 0.851562 0.049074 0.819792 0.049074 0.819792 0.059259 0.811458 0.074074 0.808854 0.074074 0.803646 0.085185 0.801042 0.085185 0.795833 0.096296 0.790104 0.099074 0.780208 0.118519 0.777604 0.118519 0.777083 0.121296 0.771354 0.121296 0.771354 0.166667 0.784375 0.163889 0.788021 0.155556 0.790625 0.155556 0.794271 0.147222 0.796875 0.147222 0.798958 0.141667 0.801562 0.141667 0.806771 0.130556 0.809375 0.130556 0.813021 0.122222 0.815625 0.122222 0.817708 0.116667 0.820312 0.116667 0.823958 0.108333 0.828125 0.108333 0.828646 0.105556 0.831250 0.105556 0.833333 0.100000 0.839063 0.097222 0.844271 0.086111 0.846875 0.086111 0.848437 0.083333 0.848437 0.078704 0.851562 0.075000
2 0.171354 0.393519 0.171354 0.455556 0.185938 0.458333 0.191146 0.452778 0.255208 0.452778 0.277604 0.463889 0.346875 0.477778 0.346875 0.410185 0.334896 0.407407 0.332813 0.393519 0.310417 0.393519 0.311979 0.408333 0.332292 0.428704 0.327083 0.432407 0.294271 0.426852 0.268750 0.410185 0.252083 0.407407 0.246875 0.403704 0.246875 0.393519
2 0.396875 0.704630 0.358854 0.704630 0.358854 0.772222 0.375000 0.772222 0.375000 0.762037 0.376563 0.761111 0.376563 0.759259 0.378125 0.758333 0.378125 0.756481 0.379688 0.755556 0.379688 0.753704 0.381250 0.752778 0.381771 0.750000 0.382812 0.750000 0.382812 0.745370 0.384375 0.744444 0.384896 0.741667 0.385937 0.741667 0.385937 0.737037 0.387500 0.736111 0.387500 0.734259 0.389062 0.733333 0.389583 0.730556 0.396875 0.730556
