2 0.321875 0.882407 0.304167 0.882407 0.304167 0.892593 0.298958 0.901852 0.284896 0.915741 0.248958 0.915741 0.248438 0.912963 0.207292 0.915741 0.206771 0.918519 0.172917 0.915741 0.159896 0.921296 0.127604 0.924074 0.127604 0.983333 0.303125 0.983333 0.303125 0.967593 0.306250 0.961111 0.307812 0.942593 0.314583 0.936111 0.321875 0.936111
2 0.002604 0.126852 0.002604 0.194444 0.014063 0.194444 0.014583 0.191667 0.046875 0.191667 0.047396 0.188889 0.060937 0.188889 0.061458 0.186111 0.067187 0.186111 0.067708 0.183333 0.078125 0.183333 0.078125 0.126852
2 0.002604 0.915741 0.002604 0.999074 0.031250 0.997222 0.031771 0.994444 0.045312 0.994444 0.045833 0.991667 0.071875 0.991667 0.072396 0.988889 0.081250 0.988889 0.081771 0.986111 0.085938 0.986111 0.086458 0.983333 0.095312 0.977778 0.095833 0.972222 0.103125 0.972222 0.103125 0.946296 0.096875 0.945370 0.095312 0.915741
2 0.000000 0.004630 0.000000 0.083333 0.003125 0.083333 0.003646 0.080556 0.010937 0.080556 0.011458 0.077778 0.014063 0.077778 0.014583 0.075000 0.018750 0.075000 0.019271 0.072222 0.026562 0.072222 0.027083 0.069444 0.056771 0.069444 0.057292 0.072222 0.063021 0.072222 0.063542 0.075000 0.078125 0.075000 0.078125 0.004630
2 0.634375 0.029630 0.552083 0.037963 0.545312 0.028704 0.545312 0.015741 0.433854 0.015741 0.433333 0.026852 0.299479 0.046296 0.291667 0.057407 0.295833 0.074074 0.236979 0.090741 0.235417 0.152778 0.278125 0.158333 0.314583 0.147222 0.378125 0.144444 0.447396 0.127778 0.581250 0.113889 0.634375 0.100000
2 0.115104 0.741667 0.135937 0.744444 0.156771 0.738889 0.214062 0.736111 0.214583 0.733333 0.237500 0.733333 0.238021 0.730556 0.271875 0.730556 0.272396 0.727778 0.284375 0.727778 0.296875 0.719444 0.303646 0.705556 0.309375 0.705556 0.309375 0.701852 0.303125 0.700926 0.300000 0.671296 0.258854 0.671296 0.258854 0.681481 0.252083 0.685185 0.222396 0.685185 0.217188 0.681481 0.217188 0.671296 0.160417 0.671296 0.159896 0.682407 0.157812 0.681481 0.157812 0.671296 0.115104 0.671296
2 0.002604 0.626852 0.002604 0.705556 0.039062 0.705556 0.039583 0.694444 0.059375 0.694444 0.059896 0.691667 0.071875 0.691667 0.075521 0.683333 0.078125 0.683333 0.078646 0.680556 0.087500 0.677778 0.088021 0.675000 0.090625 0.675000 0.091146 0.672222 0.096875 0.672222 0.096875 0.665741 0.091146 0.665741 0.089063 0.662037 0.089063 0.654630 0.087500 0.653704 0.087500 0.649074 0.085938 0.646296 0.081771 0.646296 0.081250 0.643519 0.075521 0.643519 0.075000 0.640741 0.066146 0.640741 0.065625 0.637963 0.061458 0.637963 0.060937 0.626852
2 0.000000 0.337963 0.000000 0.397222 0.009896 0.397222 0.010417 0.400000 0.040625 0.400000 0.041146 0.397222 0.051562 0.397222 0.052083 0.394444 0.060937 0.394444 0.061458 0.391667 0.073438 0.391667 0.073438 0.389815 0.076563 0.386111 0.076563 0.337963
2 0.315625 0.904630 0.285417 0.904630 0.285417 0.914815 0.278646 0.918519 0.255208 0.915741 0.254688 0.904630 0.235417 0.904630 0.234896 0.915741 0.205729 0.915741 0.205208 0.918519 0.176042 0.915741 0.166146 0.921296 0.127604 0.924074 0.127604 0.980556 0.153125 0.983333 0.164583 0.975000 0.197396 0.977778 0.197917 0.980556 0.229687 0.980556 0.245833 0.972222 0.298438 0.977778 0.303125 0.972222 0.306250 0.961111 0.306250 0.945370 0.308333 0.941667 0.315625 0.941667
2 0.002604 0.515741 0.002604 0.583333 0.060937 0.583333 0.061458 0.572222 0.067187 0.572222 0.067708 0.569444 0.076563 0.569444 0.077083 0.566667 0.090625 0.566667 0.090625 0.515741
2 0.115104 0.537963 0.115104 0.566667 0.161979 0.570370 0.115104 0.576852 0.115104 0.622222 0.213021 0.622222 0.221354 0.628704 0.221354 0.638889 0.265625 0.638889 0.265625 0.626852 0.230208 0.621296 0.227083 0.616667 0.271875 0.611111 0.296875 0.600000 0.295312 0.587963 0.282813 0.581481 0.279687 0.537963
2 0.115104 0.604630 0.115104 0.622222 0.155208 0.622222 0.169792 0.628704 0.158333 0.640741 0.115104 0.646296 0.115104 0.683333 0.143750 0.683333 0.169271 0.675000 0.251563 0.672222 0.285938 0.663889 0.300000 0.652778 0.298438 0.640741 0.284896 0.629630 0.278125 0.618519 0.267708 0.615741 0.267188 0.604630
2 0.002604 0.393519 0.002604 0.455556 0.066146 0.455556 0.069792 0.462037 0.069792 0.472222 0.084375 0.472222 0.084375 0.451852 0.078125 0.450926 0.084375 0.450000 0.084375 0.393519
2 0.002604 0.449074 0.002604 0.513889 0.011458 0.513889 0.011979 0.516667 0.040625 0.516667 0.041146 0.513889 0.053646 0.513889 0.054167 0.516667 0.060417 0.517593 0.060417 0.527778 0.090625 0.527778 0.090625 0.507407 0.081250 0.506481 0.090625 0.505556 0.090625 0.449074
2 0.002604 0.571296 0.002604 0.638889 0.071875 0.638889 0.071875 0.628704 0.073438 0.627778 0.073958 0.625000 0.078125 0.625000 0.078646 0.622222 0.084375 0.622222 0.084896 0.619444 0.087500 0.619444 0.087500 0.610185 0.082812 0.603704 0.082812 0.599074 0.081771 0.599074 0.076563 0.587963 0.072396 0.587963 0.071875 0.585185 0.067708 0.585185 0.067187 0.582407 0.065625 0.581481 0.065625 0.571296
2 0.002604 0.071296 0.002604 0.130556 0.018750 0.130556 0.019271 0.127778 0.032813 0.127778 0.033333 0.125000 0.042188 0.125000 0.042708 0.122222 0.059896 0.122222 0.060417 0.125000 0.066146 0.125000 0.068229 0.128704 0.068229 0.133333 0.069792 0.134259 0.069792 0.172222 0.078125 0.172222 0.078125 0.071296
2 0.000000 0.338889 0.014583 0.338889 0.015104 0.341667 0.017188 0.341667 0.017708 0.338889 0.042188 0.338889 0.042708 0.336111 0.048438 0.336111 0.048958 0.333333 0.054688 0.333333 0.055208 0.330556 0.060937 0.330556 0.061458 0.327778 0.065625 0.327778 0.065625 0.320370 0.068750 0.319444 0.069271 0.316667 0.071875 0.316667 0.071875 0.314815 0.073438 0.313889 0.073438 0.306481 0.075000 0.305556 0.075000 0.301852 0.073438 0.300926 0.073438 0.282407 0.000000 0.282407
2 0.002604 0.693519 0.002604 0.761111 0.031250 0.761111 0.031771 0.750000 0.042188 0.750000 0.042708 0.747222 0.075000 0.747222 0.075521 0.744444 0.081771 0.744444 0.082292 0.747222 0.090625 0.747222 0.090625 0.693519
2 0.102604 0.262963 0.102604 0.322222 0.157812 0.322222 0.158333 0.319444 0.190625 0.316667 0.191146 0.313889 0.229687 0.313889 0.230208 0.311111 0.251563 0.311111 0.252083 0.308333 0.275521 0.308333 0.285417 0.313889 0.296875 0.313889 0.296875 0.262963 0.289583 0.262963 0.289062 0.249074 0.127604 0.249074 0.127604 0.259259 0.123958 0.262963
