2 0.846354 0.640741 0.846354 0.705556 0.930208 0.730556 0.938542 0.738889 0.959896 0.741667 0.977604 0.752778 0.999479 0.755556 0.999479 0.676852 0.978646 0.674074 0.966146 0.660185 0.964063 0.651852 0.956250 0.650926 0.967708 0.650000 0.983854 0.658333 0.999479 0.658333 0.999479 0.626852 0.919792 0.626852 0.919792 0.637037 0.916146 0.640741
2 0.846354 0.724074 0.846354 0.777778 0.852083 0.777778 0.855729 0.783333 0.861458 0.783333 0.872917 0.794444 0.878646 0.794444 0.888542 0.802778 0.902083 0.805556 0.913542 0.816667 0.932292 0.827778 0.939583 0.827778 0.965104 0.841667 0.972396 0.841667 0.976042 0.847222 0.986979 0.852778 0.999479 0.852778 0.999479 0.762963 0.984896 0.757407 0.970313 0.746296 0.961458 0.746296 0.960938 0.743519 0.925521 0.732407 0.915625 0.724074 0.881771 0.715741 0.881250 0.704630 0.857292 0.704630 0.857292 0.714815 0.852083 0.724074
2 0.846354 0.860185 0.846354 0.999074 0.860938 0.999074 0.869271 0.994444 0.897396 0.994444 0.897917 0.997222 0.999479 0.999074 0.999479 0.951852 0.988021 0.951852 0.987500 0.949074 0.958333 0.937963 0.954688 0.932407 0.927083 0.915741 0.918750 0.904630 0.914583 0.904630 0.910937 0.899074 0.906771 0.899074 0.903125 0.893519 0.875521 0.876852 0.868750 0.870370 0.868750 0.860185
2 0.840104 0.549074 0.840104 0.661111 0.928125 0.661111 0.928125 0.650926 0.930208 0.647222 0.972396 0.650000 0.972917 0.661111 0.981250 0.661111 0.981250 0.650926 0.984375 0.650000 0.989583 0.638889 0.999479 0.636111 0.999479 0.549074
2 0.999479 0.351852 0.963542 0.351852 0.950521 0.362963 0.943229 0.362963 0.934896 0.368519 0.911979 0.368519 0.911458 0.371296 0.890104 0.374074 0.889583 0.376852 0.882292 0.376852 0.881771 0.379630 0.866667 0.382407 0.858333 0.387963 0.833854 0.390741 0.833854 0.469444 0.848437 0.469444 0.858333 0.463889 0.860417 0.466667 0.889062 0.466667 0.889583 0.463889 0.910937 0.461111 0.911458 0.458333 0.959375 0.458333 0.959896 0.455556 0.978125 0.455556 0.978646 0.452778 0.993750 0.450000 0.995833 0.444444 0.999479 0.444444
2 0.846354 0.782407 0.846354 0.863889 0.881771 0.875000 0.891667 0.886111 0.897396 0.886111 0.908854 0.897222 0.914583 0.897222 0.922917 0.908333 0.945833 0.922222 0.952604 0.930556 0.958333 0.930556 0.974479 0.941667 0.981771 0.941667 0.986979 0.947222 0.999479 0.947222 0.999479 0.857407 0.970833 0.846296 0.948438 0.832407 0.941146 0.832407 0.935937 0.826852 0.922396 0.824074 0.915625 0.815741 0.898438 0.804630 0.883333 0.801852 0.875000 0.792593 0.875000 0.782407
2 0.833854 0.449074 0.833854 0.561111 0.999479 0.561111 0.999479 0.449074 0.955729 0.449074 0.955208 0.460185 0.946354 0.460185 0.945833 0.462963 0.908333 0.460185 0.907813 0.449074
2 0.067187 0.660185 0.051042 0.660185 0.051042 0.670370 0.047917 0.671296 0.047396 0.674074 0.043229 0.674074 0.042708 0.676852 0.036979 0.676852 0.036458 0.679630 0.030729 0.679630 0.030208 0.682407 0.024479 0.682407 0.023958 0.685185 0.018229 0.685185 0.017708 0.687963 0.011979 0.687963 0.011458 0.690741 0.004167 0.690741 0.003646 0.693519 0.000000 0.693519 0.000000 0.772222 0.012500 0.772222 0.013021 0.769444 0.017188 0.769444 0.017708 0.766667 0.026562 0.763889 0.027083 0.761111 0.029687 0.761111 0.030208 0.758333 0.034375 0.758333 0.034896 0.755556 0.037500 0.755556 0.038021 0.752778 0.042188 0.752778 0.042708 0.750000 0.045312 0.750000 0.045833 0.747222 0.048438 0.747222 0.048958 0.744444 0.051562 0.744444 0.052083 0.741667 0.060937 0.738889 0.063021 0.733333 0.068750 0.730556 0.068750 0.720370 0.070312 0.719444 0.070312 0.685185 0.068750 0.684259 0.068750 0.674074 0.067187 0.673148
2 0.690104 0.637963 0.690104 0.697222 0.703646 0.700000 0.707292 0.705556 0.716146 0.708333 0.722917 0.716667 0.727083 0.716667 0.727604 0.719444 0.731771 0.719444 0.732292 0.722222 0.755208 0.733333 0.758854 0.738889 0.770833 0.741667 0.777604 0.750000 0.786458 0.752778 0.799479 0.766667 0.806250 0.766667 0.810937 0.758333 0.810937 0.753704 0.812500 0.752778 0.812500 0.707407 0.807813 0.693519 0.791146 0.687963 0.790625 0.685185 0.786458 0.685185 0.782813 0.679630 0.777083 0.679630 0.776563 0.676852 0.769271 0.676852 0.768750 0.674074 0.747396 0.668519 0.746875 0.665741 0.742708 0.665741 0.734375 0.657407 0.714583 0.651852 0.712500 0.648148 0.712500 0.637963
2 0.568229 0.671296 0.571354 0.691667 0.574479 0.697222 0.577083 0.697222 0.577604 0.700000 0.580208 0.700000 0.586979 0.708333 0.592708 0.708333 0.593229 0.711111 0.597396 0.711111 0.601042 0.716667 0.609896 0.719444 0.610417 0.722222 0.613021 0.722222 0.613542 0.725000 0.616146 0.725000 0.622917 0.733333 0.627083 0.733333 0.633854 0.741667 0.639583 0.741667 0.640104 0.744444 0.644271 0.744444 0.647917 0.750000 0.653646 0.750000 0.654167 0.761111 0.678125 0.761111 0.678125 0.676852 0.663542 0.676852 0.663021 0.679630 0.652604 0.682407 0.652083 0.685185 0.651563 0.682407 0.645833 0.682407 0.642188 0.671296 0.634896 0.671296 0.634375 0.668519 0.629687 0.667593 0.629687 0.649074 0.579167 0.649074 0.579167 0.659259 0.577083 0.662963 0.572917 0.662963
2 0.640104 0.804630 0.640104 0.838889 0.647396 0.838889 0.647917 0.841667 0.653646 0.844444 0.655729 0.850000 0.658333 0.850000 0.665104 0.863889 0.667708 0.863889 0.671354 0.872222 0.673958 0.872222 0.674479 0.875000 0.677083 0.875000 0.677604 0.877778 0.681771 0.877778 0.682292 0.880556 0.684896 0.880556 0.685417 0.883333 0.688021 0.883333 0.688542 0.886111 0.694271 0.888889 0.696354 0.894444 0.698958 0.894444 0.701042 0.900000 0.703646 0.900000 0.705729 0.905556 0.708333 0.905556 0.708854 0.908333 0.715625 0.908333 0.715625 0.874074 0.709896 0.874074 0.707812 0.870370 0.707812 0.862963 0.696875 0.843519 0.694271 0.843519 0.693750 0.840741 0.691146 0.840741 0.690625 0.837963 0.688021 0.837963 0.687500 0.835185 0.684896 0.835185 0.684375 0.832407 0.680208 0.832407 0.679688 0.829630 0.677083 0.829630 0.671875 0.818519 0.669271 0.818519 0.667188 0.814815 0.667188 0.804630
