2 0.433854 0.160185 0.433854 0.183333 0.443229 0.184259 0.433854 0.187963 0.433854 0.263889 0.461458 0.258333 0.546875 0.258333 0.656771 0.236111 0.690625 0.236111 0.690625 0.160185 0.674479 0.160185 0.672396 0.174074 0.659896 0.171296 0.659375 0.160185 0.563542 0.160185 0.563021 0.171296 0.555208 0.171296 0.554688 0.160185 0.549479 0.160185 0.548958 0.171296 0.545312 0.170370 0.545312 0.160185
2 0.158854 0.426852 0.158854 0.530556 0.184375 0.530556 0.202083 0.525000 0.251563 0.527778 0.270833 0.519444 0.293750 0.519444 0.320833 0.511111 0.384375 0.505556 0.392188 0.497222 0.387500 0.490741 0.358333 0.485185 0.357812 0.481481 0.364063 0.475000 0.364063 0.468519 0.346875 0.459259 0.353125 0.455556 0.354687 0.449074 0.314063 0.443519 0.289583 0.446296 0.282813 0.440741 0.263021 0.437963 0.262500 0.426852
2 0.465104 0.882407 0.465104 0.999074 0.642188 0.997222 0.665625 0.991667 0.670833 0.983333 0.677083 0.983333 0.679167 0.994444 0.728125 0.997222 0.728125 0.899074 0.721875 0.898148 0.720313 0.882407 0.646354 0.882407 0.645833 0.893519 0.634896 0.899074 0.605729 0.896296 0.581771 0.901852 0.531771 0.901852 0.529687 0.882407
2 0.683854 0.316667 0.698438 0.322222 0.723958 0.302778 0.795312 0.297222 0.830208 0.286111 0.898438 0.286111 0.971875 0.266667 0.971875 0.204630 0.961979 0.204630 0.961458 0.215741 0.959375 0.204630 0.858854 0.204630 0.858333 0.215741 0.834896 0.215741 0.834375 0.204630 0.716667 0.204630 0.718229 0.231481 0.699479 0.243519 0.693229 0.254630 0.690104 0.287037 0.683854 0.287963
2 0.165104 0.837963 0.165104 0.858333 0.188542 0.862037 0.183333 0.874074 0.165104 0.876852 0.165104 0.994444 0.210938 0.994444 0.218750 0.964815 0.233333 0.952778 0.247396 0.952778 0.266146 0.966667 0.277604 0.981481 0.277604 0.994444 0.440625 0.994444 0.440625 0.924074 0.434375 0.923148 0.434375 0.889815 0.440625 0.888889 0.440625 0.837963 0.349479 0.837963 0.348958 0.849074 0.258333 0.851852 0.256250 0.837963 0.205729 0.837963 0.203646 0.860185 0.192188 0.859259 0.193750 0.837963
2 0.708854 0.771296 0.708854 0.999074 0.725000 0.999074 0.727083 0.963889 0.732292 0.999074 0.996875 0.999074 0.996875 0.868519 0.991146 0.868519 0.987500 0.851852 0.872917 0.857407 0.853646 0.868519 0.843750 0.859259 0.848958 0.844444 0.878125 0.841667 0.883333 0.822222 0.951562 0.782407 0.919792 0.779630 0.872396 0.801852 0.821875 0.785185 0.734896 0.793519 0.721875 0.778704 0.723958 0.763889 0.750000 0.775000 0.764062 0.761111 0.764062 0.749074 0.719792 0.749074 0.719792 0.770370
2 0.452604 0.637963 0.452604 0.683333 0.481771 0.677778 0.504167 0.700926 0.503646 0.707407 0.491667 0.712963 0.477083 0.732407 0.467708 0.729630 0.459375 0.707407 0.452604 0.707407 0.452604 0.744444 0.494271 0.738889 0.535937 0.741667 0.547396 0.736111 0.592187 0.738889 0.600521 0.733333 0.654687 0.730556 0.687500 0.722222 0.685937 0.712963 0.670833 0.704630 0.665625 0.690741 0.658333 0.687963 0.653125 0.668519 0.627083 0.660185 0.625000 0.637963 0.611979 0.637963 0.611979 0.648148 0.602083 0.651852 0.600000 0.637963 0.511979 0.637963 0.511979 0.648148 0.502083 0.657407 0.461458 0.657407 0.459375 0.637963
2 0.158854 0.671296 0.158854 0.691667 0.186979 0.692593 0.181771 0.699074 0.158854 0.696296 0.158854 0.805556 0.176563 0.805556 0.176563 0.795370 0.186458 0.786111 0.213021 0.775000 0.267708 0.772222 0.301563 0.783333 0.339583 0.763889 0.379688 0.761111 0.434375 0.747222 0.434375 0.715741 0.427604 0.715741 0.420833 0.726852 0.397396 0.718519 0.392188 0.693519 0.384375 0.681481 0.384375 0.671296 0.296354 0.671296 0.296354 0.681481 0.291146 0.685185 0.252083 0.685185 0.245312 0.681481 0.245312 0.671296
2 0.152604 0.504630 0.152604 0.530556 0.166667 0.537037 0.158333 0.551852 0.152604 0.551852 0.152604 0.613889 0.173437 0.616667 0.183333 0.608333 0.309375 0.600000 0.409375 0.583333 0.389583 0.571296 0.387500 0.560185 0.382812 0.557407 0.327083 0.560185 0.297396 0.551852 0.295312 0.545370 0.304688 0.537963 0.281250 0.525926 0.306250 0.516667 0.306250 0.504630
2 0.440104 0.315741 0.440104 0.344444 0.498437 0.344444 0.517708 0.336111 0.590104 0.339815 0.570833 0.354630 0.483854 0.357407 0.493229 0.370370 0.491667 0.386111 0.496354 0.395370 0.483333 0.412963 0.470833 0.412963 0.456250 0.392593 0.453125 0.370370 0.467187 0.363889 0.465625 0.357407 0.440104 0.354630 0.440104 0.425000 0.690625 0.400000 0.690625 0.315741
2 0.158854 0.749074 0.158854 0.777778 0.178646 0.780556 0.182292 0.791667 0.233333 0.775000 0.277604 0.786111 0.309375 0.786111 0.316146 0.775000 0.327083 0.775000 0.333854 0.787037 0.322396 0.801852 0.202604 0.796296 0.175521 0.815741 0.158854 0.812963 0.158854 0.861111 0.169792 0.873148 0.166667 0.894444 0.175000 0.894444 0.178646 0.875000 0.217708 0.858333 0.378125 0.847222 0.432812 0.825000 0.428125 0.776852 0.394271 0.776852 0.387500 0.767593 0.387500 0.749074 0.361979 0.749074 0.359896 0.762963 0.341146 0.774074 0.331250 0.762037 0.331250 0.749074
2 0.971875 0.326852 0.958333 0.332407 0.954688 0.312963 0.943750 0.303704 0.953125 0.297222 0.953125 0.282407 0.857292 0.282407 0.855208 0.307407 0.780729 0.310185 0.777083 0.329630 0.732292 0.329630 0.727604 0.335185 0.729167 0.344444 0.753646 0.347222 0.753646 0.351852 0.714583 0.351852 0.710938 0.348148 0.714063 0.337963 0.707292 0.337963 0.706771 0.351852 0.690104 0.354630 0.690104 0.386111 0.744271 0.380556 0.779687 0.386111 0.834896 0.375000 0.904687 0.372222 0.971875 0.352778
2 0.971875 0.026852 0.954167 0.026852 0.953646 0.037963 0.944271 0.037963 0.943750 0.026852 0.840104 0.026852 0.839583 0.037963 0.823958 0.043519 0.774479 0.040741 0.727604 0.046296 0.689583 0.115741 0.683854 0.115741 0.683854 0.169444 0.696875 0.175000 0.711458 0.150000 0.730208 0.138889 0.765625 0.141667 0.783333 0.133333 0.814063 0.130556 0.827083 0.122222 0.868750 0.125000 0.923958 0.108333 0.971875 0.108333
2 0.152604 0.444444 0.173437 0.444444 0.216146 0.433333 0.285938 0.430556 0.309896 0.419444 0.332813 0.419444 0.346875 0.413889 0.350521 0.402778 0.364583 0.391667 0.382812 0.394444 0.393750 0.380556 0.395313 0.360185 0.384375 0.348148 0.384375 0.337963 0.324479 0.337963 0.322396 0.351852 0.301042 0.351852 0.291146 0.357407 0.272396 0.357407 0.270313 0.337963 0.163542 0.337963 0.163021 0.349074 0.152604 0.351852
2 0.433854 0.265741 0.433854 0.338889 0.519271 0.327778 0.614062 0.325000 0.651563 0.319444 0.669271 0.311111 0.696875 0.316667 0.696875 0.279630 0.690625 0.278704 0.687500 0.237963 0.601042 0.237963 0.601042 0.248148 0.597396 0.251852 0.572396 0.257407 0.505208 0.257407 0.495833 0.251852 0.493750 0.237963 0.455729 0.237963 0.455729 0.248148 0.450521 0.257407
2 0.458854 0.726852 0.458854 0.747222 0.491146 0.747222 0.491667 0.772222 0.505729 0.792593 0.498958 0.810185 0.483333 0.812963 0.467187 0.796296 0.458854 0.796296 0.458854 0.827778 0.478125 0.827778 0.481771 0.819444 0.626563 0.816667 0.684375 0.797222 0.678125 0.753704 0.679688 0.726852 0.554167 0.726852 0.553646 0.737963 0.545833 0.737963 0.545312 0.726852 0.527604 0.726852 0.527083 0.737963 0.497396 0.743519 0.495312 0.726852
2 0.152604 0.582407 0.152604 0.705556 0.208333 0.691667 0.300000 0.688889 0.344271 0.677778 0.417187 0.672222 0.426563 0.666667 0.425000 0.643519 0.413021 0.640741 0.403125 0.624074 0.395833 0.621296 0.390625 0.599074 0.385937 0.592593 0.385937 0.582407
2 0.708854 0.837963 0.708854 0.999074 0.723437 0.999074 0.721875 0.981481 0.727083 0.958333 0.733854 0.999074 0.812500 0.999074 0.813021 0.994444 0.996875 0.999074 0.996875 0.868519 0.990625 0.867593 0.984375 0.837963 0.971354 0.837963 0.970833 0.849074 0.961458 0.854630 0.930208 0.857407 0.888021 0.854630 0.882812 0.848148 0.882812 0.837963
2 0.427604 0.087963 0.427604 0.186111 0.461458 0.175000 0.576562 0.169444 0.644271 0.152778 0.668750 0.152778 0.677083 0.144444 0.690625 0.141667 0.690625 0.132407 0.684896 0.132407 0.682813 0.123148 0.681250 0.071296 0.526042 0.071296 0.525521 0.082407
2 0.971875 0.410185 0.955729 0.401852 0.953646 0.415741 0.939583 0.421296 0.891146 0.424074 0.885938 0.418519 0.861458 0.418519 0.864583 0.411111 0.882812 0.411111 0.884375 0.401852 0.876563 0.399074 0.777604 0.401852 0.769792 0.408333 0.793229 0.417593 0.779167 0.424074 0.782292 0.436111 0.789583 0.437963 0.770833 0.443519 0.718229 0.443519 0.707292 0.457407 0.707292 0.463889 0.835938 0.466667 0.886458 0.455556 0.957812 0.452778 0.971875 0.447222
2 0.704167 0.541667 0.707292 0.547222 0.750000 0.550000 0.756771 0.544444 0.846875 0.544444 0.881771 0.533333 0.971875 0.536111 0.971875 0.487963 0.961979 0.490741 0.956771 0.504630 0.944271 0.504630 0.934375 0.490741 0.926562 0.487963 0.905729 0.490741 0.902083 0.501852 0.883333 0.510185 0.836458 0.507407 0.832812 0.503704 0.835938 0.500000 0.834375 0.490741 0.796354 0.487963 0.790104 0.493519 0.793229 0.503704 0.782292 0.515741 0.780208 0.529630 0.758333 0.535185 0.708854 0.526852
2 0.166667 0.171296 0.168229 0.186111 0.188021 0.186111 0.194792 0.194444 0.238021 0.188889 0.251042 0.206481 0.235417 0.226852 0.231771 0.249074 0.210417 0.251852 0.196354 0.272222 0.231771 0.263889 0.249479 0.269444 0.323437 0.263889 0.375521 0.252778 0.409896 0.252778 0.419792 0.272222 0.423438 0.272222 0.425000 0.263889 0.423438 0.221296 0.412500 0.184259 0.412500 0.171296 0.404167 0.171296 0.402083 0.193519 0.388021 0.185185 0.385937 0.171296 0.272917 0.171296 0.269271 0.193519 0.242708 0.185185 0.242188 0.171296
2 0.458854 0.804630 0.458854 0.913889 0.474479 0.919444 0.507812 0.916667 0.519271 0.908333 0.558333 0.902778 0.634375 0.900000 0.672396 0.883333 0.707812 0.883333 0.715625 0.875000 0.714063 0.846296 0.706250 0.817593 0.706250 0.804630
2 0.708854 0.693519 0.708854 0.719444 0.745313 0.716667 0.759896 0.705556 0.877083 0.711111 0.880729 0.714815 0.879167 0.725926 0.866667 0.737963 0.866146 0.751852 0.853646 0.771296 0.832292 0.779630 0.832292 0.786111 0.873437 0.797222 0.939583 0.777778 0.950521 0.783333 0.954167 0.792593 0.929167 0.804630 0.927604 0.827778 0.984375 0.827778 0.984375 0.782407 0.973437 0.773148 0.978646 0.761111 0.984375 0.761111 0.984375 0.712963 0.976562 0.709259 0.975000 0.693519
2 0.716667 0.615741 0.716667 0.627778 0.805208 0.633333 0.819792 0.644444 0.841146 0.647222 0.848958 0.660185 0.796354 0.685185 0.785417 0.701852 0.793229 0.708333 0.921875 0.708333 0.928646 0.702778 0.971875 0.697222 0.971875 0.615741
2 0.440104 0.404630 0.440104 0.427778 0.511458 0.425000 0.541667 0.437037 0.516146 0.454630 0.507292 0.451852 0.483333 0.476852 0.453125 0.457407 0.440104 0.457407 0.440104 0.500000 0.683333 0.480556 0.688542 0.484259 0.680729 0.527778 0.696875 0.527778 0.696875 0.404630 0.580729 0.404630 0.580208 0.415741 0.573958 0.415741 0.573438 0.404630
2 0.704167 0.537963 0.707292 0.552778 0.778646 0.558333 0.788542 0.570370 0.753646 0.590741 0.707292 0.596296 0.705729 0.613889 0.719792 0.625000 0.839063 0.630556 0.925000 0.625000 0.933333 0.613889 0.971875 0.613889 0.971875 0.560185 0.942187 0.550926 0.942187 0.537963 0.861979 0.537963 0.861458 0.549074 0.852083 0.551852 0.838021 0.549074 0.837500 0.537963
2 0.446354 0.493519 0.446354 0.588889 0.603646 0.577778 0.616667 0.581481 0.590104 0.590741 0.588542 0.605556 0.703125 0.605556 0.703125 0.554630 0.692187 0.550926 0.697396 0.541667 0.703125 0.541667 0.703125 0.493519
2 0.152604 0.293519 0.152604 0.350000 0.300000 0.358333 0.339583 0.344444 0.413021 0.333333 0.419792 0.339815 0.426042 0.361111 0.434375 0.361111 0.434375 0.290741 0.428646 0.290741 0.417187 0.270370 0.417187 0.260185 0.185417 0.260185 0.185417 0.272222 0.239583 0.275000 0.249479 0.281481 0.213542 0.285185 0.199479 0.293519 0.203646 0.326852 0.195312 0.325926 0.201563 0.312963 0.181771 0.312963 0.172396 0.307407 0.168750 0.293519
2 0.140104 0.093519 0.140104 0.147222 0.147917 0.150926 0.145833 0.162963 0.140104 0.162963 0.140104 0.188889 0.159375 0.191667 0.172396 0.183333 0.231250 0.188889 0.290625 0.183333 0.300521 0.177778 0.360938 0.177778 0.393750 0.172222 0.398958 0.166667 0.421875 0.177778 0.421875 0.118519 0.409896 0.121296 0.407813 0.093519
2 0.683854 0.236111 0.689583 0.236111 0.694792 0.250000 0.698438 0.250000 0.709896 0.227778 0.725521 0.219444 0.782813 0.216667 0.797396 0.208333 0.957812 0.191667 0.971875 0.183333 0.971875 0.115741 0.724479 0.115741 0.726042 0.133333 0.733854 0.137037 0.710417 0.151852 0.691667 0.176852 0.690104 0.206481 0.683854 0.207407
2 0.000000 0.360185 0.000000 0.455556 0.004687 0.455556 0.005208 0.452778 0.040625 0.452778 0.041146 0.450000 0.057813 0.450000 0.058333 0.447222 0.073438 0.447222 0.073958 0.444444 0.121875 0.444444 0.121875 0.390741 0.115625 0.389815 0.116146 0.380556 0.121875 0.380556 0.121875 0.360185
2 0.698438 0.599074 0.677083 0.596296 0.667188 0.579630 0.652604 0.579630 0.638021 0.593519 0.603646 0.604630 0.584375 0.599074 0.515104 0.604630 0.516667 0.614815 0.502083 0.624074 0.480729 0.624074 0.472396 0.632407 0.462500 0.624074 0.446354 0.624074 0.446354 0.683333 0.681250 0.683333 0.681250 0.668519 0.675000 0.656481 0.680208 0.644444 0.695312 0.638889 0.698438 0.633333
2 0.002604 0.526852 0.002604 0.544444 0.017708 0.544444 0.019792 0.548148 0.013021 0.554630 0.002604 0.554630 0.002604 0.627778 0.067187 0.625000 0.067708 0.622222 0.093750 0.622222 0.094271 0.619444 0.112500 0.619444 0.113021 0.616667 0.146875 0.616667 0.146875 0.537963 0.138021 0.537963 0.137500 0.526852 0.119792 0.526852 0.119792 0.537037 0.116146 0.540741 0.112500 0.537963 0.091146 0.540741 0.089063 0.537037 0.089063 0.526852 0.049479 0.526852 0.048958 0.537963 0.040104 0.537963 0.039583 0.540741 0.031771 0.540741 0.029687 0.537037 0.029687 0.526852
2 0.724479 0.771296 0.724479 0.786111 0.735417 0.800000 0.750000 0.800000 0.758333 0.788889 0.830208 0.791667 0.840104 0.803704 0.811458 0.818519 0.726042 0.821296 0.722917 0.850000 0.729167 0.872222 0.752604 0.900000 0.788021 0.883333 0.810937 0.883333 0.823958 0.872222 0.931250 0.858333 0.953646 0.847222 0.963542 0.850926 0.965104 0.886111 0.978646 0.880556 0.982292 0.891667 0.990625 0.891667 0.990625 0.849074 0.981771 0.849074 0.979688 0.839815 0.982812 0.801852 0.978125 0.771296
2 0.000000 0.693519 0.000000 0.725000 0.008854 0.725926 0.000000 0.729630 0.000000 0.805556 0.015625 0.802778 0.016146 0.800000 0.030208 0.800000 0.030729 0.802778 0.048438 0.802778 0.048958 0.800000 0.064062 0.800000 0.064583 0.797222 0.069271 0.797222 0.069792 0.800000 0.089063 0.800000 0.089583 0.797222 0.104688 0.794444 0.114062 0.786111 0.116146 0.777778 0.121875 0.777778 0.121875 0.746296 0.115625 0.745370 0.114062 0.724074 0.110937 0.714815 0.112500 0.711111 0.112500 0.693519 0.065104 0.693519 0.064583 0.704630 0.052604 0.707407 0.052083 0.710185 0.034896 0.710185 0.034375 0.707407 0.030208 0.707407 0.028125 0.703704 0.028125 0.693519
2 0.002604 0.454630 0.002604 0.541667 0.050000 0.541667 0.050521 0.538889 0.073438 0.538889 0.073958 0.536111 0.087500 0.536111 0.088021 0.533333 0.134375 0.536111 0.142708 0.530556 0.153125 0.530556 0.153125 0.462963 0.138021 0.462963 0.134375 0.459259 0.136458 0.452778 0.145313 0.450000 0.145313 0.437963 0.121354 0.437963 0.121354 0.448148 0.117708 0.451852 0.083333 0.449074 0.082812 0.437963 0.057292 0.437963 0.056771 0.449074 0.049479 0.449074 0.048958 0.451852
2 0.690104 0.326852 0.690104 0.388889 0.723437 0.386111 0.723958 0.383333 0.784375 0.386111 0.784896 0.383333 0.803125 0.383333 0.803646 0.380556 0.865625 0.375000 0.865625 0.293519 0.743229 0.293519 0.742708 0.304630 0.713542 0.307407 0.705729 0.312963 0.703646 0.326852
