2 0.827604 0.549074 0.827604 0.622222 0.836458 0.622222 0.836979 0.625000 0.845833 0.625000 0.846354 0.627778 0.861458 0.630556 0.861979 0.633333 0.866146 0.633333 0.866667 0.636111 0.870833 0.636111 0.871354 0.638889 0.875521 0.638889 0.880729 0.644444 0.886458 0.644444 0.886979 0.647222 0.897396 0.647222 0.897917 0.650000 0.905208 0.650000 0.905729 0.652778 0.911458 0.652778 0.911979 0.655556 0.917708 0.655556 0.918229 0.658333 0.933333 0.661111 0.933854 0.672222 0.935937 0.672222 0.936458 0.661111 0.946875 0.658333 0.946875 0.560185 0.941146 0.560185 0.940625 0.549074
2 0.752604 0.790741 0.752604 0.838889 0.758333 0.838889 0.758854 0.841667 0.761458 0.841667 0.761979 0.847222 0.765104 0.852778 0.770833 0.855556 0.772917 0.859259 0.772917 0.863889 0.780729 0.877778 0.783333 0.877778 0.783854 0.880556 0.786458 0.880556 0.788542 0.886111 0.794271 0.888889 0.797917 0.897222 0.800521 0.897222 0.808854 0.913889 0.817187 0.913889 0.817187 0.909259 0.818750 0.908333 0.818750 0.898148 0.820312 0.897222 0.820312 0.860185 0.818750 0.859259 0.818750 0.854630 0.815625 0.849074 0.809896 0.846296 0.803125 0.834259 0.803125 0.829630 0.798438 0.821296 0.795833 0.821296 0.792188 0.812963 0.789583 0.812963 0.785937 0.804630 0.783333 0.804630 0.775000 0.787963 0.772396 0.787963 0.771875 0.785185 0.760417 0.785185 0.758333 0.790741
2 0.821354 0.871296 0.821354 0.933333 0.827083 0.933333 0.847917 0.969444 0.859896 0.977778 0.869792 0.995370 0.869792 0.999074 0.946875 0.999074 0.946875 0.993519 0.940625 0.976852 0.938021 0.976852 0.935937 0.971296 0.933333 0.971296 0.928125 0.962963 0.923958 0.962963 0.923438 0.960185 0.905208 0.946296 0.903125 0.940741 0.898958 0.940741 0.889062 0.924074 0.883333 0.921296 0.879687 0.912963 0.870833 0.907407 0.868750 0.901852 0.863021 0.899074 0.860938 0.893519 0.855208 0.890741 0.853125 0.885185 0.848958 0.885185 0.846875 0.881481 0.846875 0.871296
2 0.679167 0.693519 0.679167 0.723148 0.677604 0.724074 0.677604 0.727778 0.679167 0.728704 0.680729 0.738889 0.684896 0.741667 0.685417 0.744444 0.688021 0.744444 0.690104 0.750000 0.695833 0.752778 0.701042 0.763889 0.703646 0.763889 0.707292 0.770370 0.707292 0.775000 0.713542 0.786111 0.716146 0.786111 0.721354 0.797222 0.723958 0.797222 0.727604 0.805556 0.736458 0.811111 0.746354 0.828704 0.746354 0.838889 0.756250 0.838889 0.757812 0.782407 0.752083 0.779630 0.748437 0.771296 0.745833 0.771296 0.740625 0.760185 0.738021 0.760185 0.732812 0.749074 0.725521 0.746296 0.725000 0.743519 0.722396 0.743519 0.720313 0.737963 0.711458 0.732407 0.710938 0.726852 0.708333 0.726852 0.706250 0.721296 0.703125 0.720370 0.703125 0.715741 0.697396 0.712963 0.693750 0.706481 0.693750 0.693519
2 0.646354 0.671296 0.646354 0.702778 0.653646 0.702778 0.654167 0.705556 0.656771 0.705556 0.657292 0.708333 0.658333 0.708333 0.658854 0.711111 0.659896 0.711111 0.660417 0.713889 0.661458 0.713889 0.661979 0.716667 0.663542 0.717593 0.663542 0.719444 0.678125 0.719444 0.678125 0.685185 0.672396 0.685185 0.671875 0.684259 0.671875 0.671296
2 0.321875 0.760185 0.301042 0.760185 0.301042 0.773148 0.297917 0.776852 0.297917 0.781481 0.283333 0.807407 0.280729 0.807407 0.277083 0.815741 0.272917 0.815741 0.272396 0.818519 0.254167 0.818519 0.253646 0.821296 0.236979 0.821296 0.236458 0.824074 0.218229 0.824074 0.217708 0.826852 0.208854 0.826852 0.208854 0.869444 0.231250 0.872222 0.231771 0.869444 0.279687 0.869444 0.280208 0.866667 0.284375 0.866667 0.288021 0.858333 0.290625 0.858333 0.293750 0.852778 0.293750 0.848148 0.295833 0.844444 0.298438 0.844444 0.314583 0.813889 0.321875 0.813889
2 0.746354 0.549074 0.746354 0.594444 0.752083 0.594444 0.752604 0.597222 0.756771 0.597222 0.757292 0.600000 0.769271 0.602778 0.769792 0.605556 0.773958 0.605556 0.774479 0.608333 0.780208 0.608333 0.780729 0.611111 0.786458 0.611111 0.786979 0.613889 0.794271 0.613889 0.794792 0.616667 0.797917 0.617593 0.797917 0.627778 0.818750 0.627778 0.818750 0.617593 0.820833 0.613889 0.828125 0.613889 0.828125 0.549074
2 0.615104 0.515741 0.615104 0.550000 0.667188 0.550000 0.667188 0.537037 0.668750 0.536111 0.669271 0.533333 0.670312 0.533333 0.670312 0.515741
2 0.090104 0.940741 0.090104 0.999074 0.210938 0.999074 0.210938 0.990741 0.209375 0.989815 0.209375 0.982407 0.206250 0.975926 0.206250 0.970370 0.207813 0.969444 0.207813 0.962037 0.212500 0.955556 0.212500 0.948148 0.214062 0.947222 0.214062 0.939815 0.215625 0.938889 0.215625 0.926852 0.135417 0.926852 0.134896 0.937963 0.109896 0.937963 0.109375 0.926852 0.099479 0.926852 0.099479 0.937037 0.097396 0.940741
2 0.378125 0.693519 0.354167 0.693519 0.354167 0.703704 0.352604 0.704630 0.352604 0.706481 0.351042 0.707407 0.350521 0.710185 0.347917 0.710185 0.347396 0.712963 0.340104 0.712963 0.340104 0.761111 0.353125 0.761111 0.353125 0.748148 0.354687 0.747222 0.355208 0.744444 0.357812 0.744444 0.357812 0.742593 0.359375 0.741667 0.359896 0.738889 0.360938 0.738889 0.360938 0.734259 0.362500 0.733333 0.363021 0.730556 0.365625 0.730556 0.365625 0.725926 0.367188 0.725000 0.367188 0.723148 0.368750 0.722222 0.368750 0.720370 0.370312 0.719444 0.370833 0.716667 0.378125 0.716667
2 0.671354 0.063889 0.678125 0.063889 0.678125 0.062037 0.679688 0.061111 0.679688 0.056481 0.681250 0.055556 0.683333 0.050000 0.685937 0.050000 0.686458 0.047222 0.689063 0.047222 0.689583 0.044444 0.692187 0.044444 0.692708 0.041667 0.695312 0.041667 0.695833 0.038889 0.701562 0.038889 0.702083 0.036111 0.709375 0.036111 0.709896 0.033333 0.725000 0.033333 0.725521 0.030556 0.734375 0.030556 0.734375 0.028704 0.735938 0.027778 0.735938 0.017593 0.737500 0.016667 0.737500 0.004630 0.680729 0.004630 0.680729 0.017593 0.679167 0.018519 0.678646 0.021296 0.671354 0.021296
