2 0.633854 0.699074 0.633854 0.730556 0.641146 0.730556 0.647917 0.748148 0.647917 0.783333 0.664583 0.788889 0.729167 0.841667 0.777083 0.863889 0.816667 0.897222 0.839063 0.897222 0.856771 0.861111 0.867188 0.852778 0.870833 0.841667 0.878125 0.841667 0.878125 0.796296 0.871875 0.795370 0.871875 0.771296 0.820312 0.717593 0.823438 0.701852 0.810937 0.671296 0.767708 0.649074 0.767188 0.637963 0.757292 0.637963 0.756771 0.649074 0.705729 0.662963 0.697396 0.671296 0.674479 0.676852 0.648958 0.696296
4 0.690104 0.183333 0.745313 0.183333 0.745833 0.172222 0.788021 0.172222 0.788542 0.183333 0.814063 0.183333 0.814583 0.172222 0.879687 0.166667 0.882812 0.152778 0.882812 0.134259 0.884896 0.127778 0.890625 0.127778 0.890625 0.093519 0.884375 0.092593 0.881250 0.071296 0.696354 0.071296 0.696354 0.084259 0.690104 0.085185
2 0.253125 0.693519 0.194792 0.693519 0.194792 0.703704 0.191146 0.707407 0.138542 0.707407 0.134896 0.715741 0.092708 0.737963 0.063542 0.729630 0.034896 0.746296 0.000000 0.751852 0.000000 0.800000 0.053646 0.788889 0.057292 0.792593 0.055729 0.811111 0.060417 0.827778 0.069792 0.844444 0.089063 0.850000 0.109375 0.844444 0.132812 0.827778 0.131250 0.773148 0.136458 0.761111 0.152083 0.761111 0.179167 0.783333 0.195833 0.783333 0.218229 0.800000 0.234375 0.797222 0.245833 0.786111 0.253125 0.786111
2 0.471354 0.615741 0.471354 0.675000 0.506771 0.686111 0.510417 0.694444 0.536458 0.705556 0.547917 0.722222 0.601042 0.755556 0.609375 0.755556 0.625000 0.741667 0.628125 0.725926 0.634896 0.719444 0.643229 0.737037 0.641667 0.772222 0.659375 0.772222 0.659375 0.690741 0.639583 0.696296 0.646875 0.686111 0.645312 0.679630 0.619271 0.685185 0.591146 0.682407 0.556250 0.657407 0.502083 0.632407 0.495312 0.625926 0.495312 0.615741
4 0.490104 0.271296 0.490104 0.344444 0.528646 0.347222 0.529167 0.350000 0.542708 0.350000 0.543229 0.352778 0.578646 0.352778 0.579167 0.355556 0.626563 0.355556 0.627083 0.352778 0.634375 0.352778 0.634375 0.290741 0.628646 0.290741 0.628125 0.287963 0.606771 0.287963 0.600000 0.281481 0.600000 0.271296
4 0.890104 0.629630 0.883854 0.651852 0.877604 0.717593 0.871354 0.718519 0.871354 0.844444 0.889583 0.850000 0.901042 0.861111 0.922396 0.869444 0.988542 0.911111 0.999479 0.911111 0.999479 0.646296 0.986458 0.640741 0.982812 0.626852 0.958333 0.607407 0.956250 0.593519 0.929167 0.593519 0.928646 0.604630
4 0.346354 0.549074 0.346354 0.597222 0.359896 0.600000 0.360417 0.602778 0.363021 0.602778 0.366667 0.608333 0.370833 0.608333 0.371354 0.611111 0.375521 0.611111 0.376042 0.613889 0.380208 0.613889 0.380729 0.616667 0.394271 0.622222 0.394792 0.625000 0.397396 0.625000 0.401042 0.630556 0.409896 0.633333 0.411979 0.638889 0.419271 0.641667 0.419792 0.644444 0.448437 0.644444 0.448958 0.641667 0.451562 0.641667 0.453646 0.630556 0.459375 0.630556 0.459375 0.590741 0.427083 0.590741 0.426563 0.587963 0.419271 0.587963 0.418750 0.585185 0.414583 0.585185 0.414062 0.582407 0.411458 0.582407 0.407813 0.576852 0.403646 0.576852 0.400000 0.571296 0.395833 0.571296 0.395313 0.568519 0.391146 0.568519 0.390625 0.565741 0.386458 0.565741 0.385937 0.562963 0.378646 0.560185 0.378125 0.549074
2 0.865104 0.857407 0.865104 0.930556 0.872396 0.930556 0.886979 0.941667 0.905208 0.947222 0.908854 0.952778 0.917708 0.955556 0.941146 0.977778 0.944792 0.984259 0.944792 0.988889 0.953646 0.994444 0.954167 0.999074 0.982812 0.999074 0.982812 0.995370 0.988021 0.988889 0.999479 0.986111 0.999479 0.915741 0.994271 0.915741 0.985938 0.904630 0.977083 0.904630 0.970313 0.896296 0.955208 0.890741 0.948438 0.882407 0.941146 0.882407 0.940625 0.879630 0.934896 0.879630 0.925000 0.871296 0.914583 0.868519 0.910937 0.862963 0.897396 0.857407 0.892188 0.849074 0.876042 0.849074 0.870833 0.857407
2 0.346354 0.549074 0.346354 0.597222 0.353646 0.597222 0.354167 0.600000 0.363021 0.602778 0.366667 0.608333 0.370833 0.608333 0.371354 0.611111 0.384896 0.616667 0.388542 0.622222 0.392708 0.622222 0.393229 0.625000 0.397396 0.625000 0.401042 0.630556 0.405208 0.630556 0.405729 0.633333 0.408333 0.633333 0.408854 0.636111 0.411458 0.636111 0.411979 0.638889 0.414583 0.638889 0.418229 0.644444 0.448437 0.644444 0.448958 0.641667 0.453125 0.638889 0.453646 0.630556 0.459375 0.630556 0.459375 0.590741 0.427083 0.590741 0.426563 0.587963 0.419271 0.587963 0.418750 0.585185 0.414583 0.585185 0.410938 0.579630 0.406771 0.579630 0.406250 0.576852 0.403646 0.576852 0.400000 0.571296 0.395833 0.571296 0.395313 0.568519 0.391146 0.568519 0.390625 0.565741 0.386458 0.565741 0.385937 0.562963 0.378646 0.560185 0.378125 0.549074
4 0.879167 0.704630 0.879167 0.723148 0.870833 0.768519 0.865104 0.768519 0.865104 0.786111 0.871354 0.787037 0.870833 0.796296 0.865104 0.796296 0.865104 0.838889 0.870833 0.838889 0.879167 0.847222 0.894271 0.852778 0.901042 0.861111 0.911458 0.863889 0.919792 0.872222 0.927083 0.872222 0.979167 0.905556 0.999479 0.911111 0.999479 0.704630
